6
6
6
6
98
99
6
6
6
6
6
33
6
6
6
6
6
99
6
99
6
6
6
6
100
101
6
6
6
6
99
6
6
33
34
6
24
25
99
99
93
94
95
96
97
85
97
98
33
34
85
1
2
89
90
6
1
2
3
-1
99
6
6
84
85
6
99
99
99
6
6
6
87
88
99
99
99
99
6
6
99
6
99
99
99
100
99
6
6
6
6
6
6
99
6
99
5
6
99
99
32
-1
17
18
19
20
21
22
23
24
25
10
6
0
1
6
98
99
99
5
6
6
2
3
4
5
96
4
96
98
29
30
31
32
13
33
6
95
96
97
85
4
5
-1
88
89
90
91
9
96
97
2
98
99
99
99
99
5
6
98
99
99
99
100
101
97
101
2
3
88
34
2
3
4
5
13
14
96
97
3
101
2
3
34
-1
-1
99
100
99
99
99
99
99
99
99
99
99
15
16
6
6
99
99
6
6
6
6
85
86
28
29
30
99
100
4
5
96
93
99
99
99
99
99
91
92
93
94
92
17
18
19
20
21
22
23
24
25
25
12
13
14
15
92
34
98
10
11
12
13
99
17
18
19
20
21
22
23
24
25
13
14
15
13
14
15
30
31
32
12
-1
6
6
6
99
6
6
6
6
6
6
6
6
6
6
6
6
6
99
6
6
6
6
6
6
6
6
6
6
6
6
6
6
6
6
6
6
6
6
6
6
6
-1
20
21
22
60
61
35
94
95
96
97
98
5
9
10
11
12
13
6
92
93
94
95
96
97
85
2
3
3
4
99
100
4
5
6
95
96
97
97
2
4
5
-1
16
7
99
100
101
3
3
88
66
26
66
96
97
98
16
17
18
19
20
21
22
23
24
25
86
87
88
2
3
101
66
0
1
2
3
97
97
3
3
101
88
-1
6
6
99
6
6
6
6
6
6
99
99
6
6
99
6
6
6
6
6
6
6
6
6
6
6
6
6
99
6
6
6
6
6
6
6
6
6
6
6
6
6
6
6
84
85
99
99
6
6
6
1
2
3
6
100
101
99
6
97
98
99
99
99
99
100
101
2
3
88
97
98
96
99
98
99
99
99
99
100
6
38
99
6
-1
87
88
89
90
91
5
30
92
1
99
27
28
29
30
31
32
33
34
97
97
2
6
5
6
3
4
96
97
88
85
4
16
1
99
99
31
32
33
34
99
99
-1
96
97
98
96
97
101
2
3
97
34
88
3
4
5
6
6
99
100
101
6
1
2
3
4
5
6
0
1
2
3
4
33
34
4
16
99
16
88
89
90
91
20
95
96
97
98
95
96
6
19
20
21
22
23
24
25
99
29
30
31
32
33
34
4
99
99
99
99
99
99
32
33
34
101
101
2
3
85
101
93
6
88
89
-1
36
37
36
36
37
37
36
36
36
36
36
36
37
37
37
37
37
37
36
37
37
36
37
36
36
36
36
37
37
37
37
36
37
36
99
6
6
99
93
36
26
99
87
88
89
90
96
97
98
96
97
3
34
6
0
1
2
86
31
32
33
34
2
98
30
33
34
3
85
6
0
1
2
3
2
3
34
85
34
1
2
3
34
-1
29
30
31
32
99
99
99
99
8
9
10
99
99
98
99
99
99
99
99
99
99
95
96
97
98
11
12
33
93
96
97
85
85
97
97
85
2
3
86
87
88
-1
6
99
99
5
6
6
6
99
99
100
6
6
6
6
6
6
6
6
97
6
3
6
99
99
99
99
99
99
99
99
99
23
24
25
99
100
101
88
6
90
91
92
90
91
92
93
99
99
99
6
98
99
99
6
6
99
99
99
99
100
101
88
1
2
3
6
6
0
1
2
3
4
5
29
30
96
97
98
61
25
26
35
35
33
17
18
19
99
99
99
99
15
16
17
99
99
99
4
5
6
6
6
99
6
6
6
99
100
6
18
19
20
21
22
23
24
33
86
15
46
5
6
6
91
92
-1
19
20
21
22
6
1
2
3
4
6
27
28
29
30
31
32
33
6
89
90
99
99
99
98
99
99
99
99
99
99
99
100
99
7
99
99
9
10
11
12
13
-1
88
89
90
91
9
10
11
12
13
14
99
99
91
92
93
94
95
94
95
30
31
32
19
20
21
99
6
86
87
89
90
91
92
93
94
95
10
11
12
13
14
-1
9
10
11
12
13
14
15
70
11
12
13
14
15
16
6
99
99
99
99
16
99
4
5
99
100
101
89
90
91
15
21
99
99
8
9
10
11
12
13
14
6
-1
0
1
2
3
88
88
6
6
2
3
4
96
97
34
98
92
88
88
89
90
91
92
2
4
5
92
2
3
4
5
13
14
15
10
11
99
95
96
97
3
-1
-1
24
25
99
6
6
11
12
13
99
100
89
33
34
88
85
6
0
1
2
3
6
1
99
99
99
99
100
101
34
101
2
3
6
7
8
9
10
92
3
2
3
34
