6
55
56
37
66
67
37
37
56
37
86
37
36
37
37
36
37
37
37
37
37
37
37
37
37
36
37
37
37
37
36
36
37
37
22
37
37
75
76
77
37
37
37
37
37
54
37
37
37
37
37
37
35
37
37
37
37
37
37
37
6
7
6
7
11
6
6
6
27
28
37
37
38
25
6
30
31
32
33
6
6
29
30
31
32
33
34
30
31
32
33
34
35
86
87
88
25
33
34
97
28
-1
29
30
31
32
33
34
30
31
28
29
30
31
32
33
34
25
21
88
3
2
3
97
3
30
31
32
33
34
31
32
33
34
32
33
34
101
3
33
34
3
-1
-1
6
6
6
6
6
6
6
6
6
6
6
6
6
6
6
6
6
6
6
6
6
6
6
6
6
6
6
6
6
6
6
6
6
6
6
-1
-1
-1
-1
-1
-1
-1
6
6
6
6
6
6
6
6
6
6
6
6
6
6
6
6
6
6
6
6
6
6
6
6
6
6
6
6
6
6
6
6
6
6
6
6
6
6
6
6
-1
-1
6
6
6
6
6
6
6
6
6
6
6
6
6
6
6
6
6
6
6
6
6
6
6
6
6
6
6
6
6
6
6
6
6
6
6
6
6
6
6
6
-1
-1
6
6
6
6
6
6
6
6
6
6
6
6
6
6
6
6
6
6
6
6
6
6
6
6
6
6
6
6
6
6
6
6
6
6
6
6
6
6
6
6
6
-1
6
6
6
6
6
6
6
6
6
6
6
6
6
6
6
6
6
6
6
6
6
6
6
6
6
6
6
6
6
6
6
6
6
6
6
6
6
6
6
6
6
-1
29
30
31
32
33
34
95
96
97
96
97
96
97
1
2
3
95
85
87
26
37
38
97
96
97
97
88
34
35
40
41
37
37
37
38
101
95
22
50
51
-1
-1
37
80
37
37
37
37
37
37
37
37
37
37
37
37
37
37
37
28
37
37
37
37
37
37
37
36
36
37
37
37
37
37
37
36
16
37
37
37
37
37
-1
-1
6
6
6
95
96
6
6
6
6
6
33
6
6
6
6
6
6
6
6
6
6
6
6
6
6
18
6
6
6
3
4
6
7
16
6
6
7
6
7
99
6
-1
6
6
6
6
6
6
6
6
6
6
6
6
6
6
6
6
6
6
6
6
6
6
6
6
6
6
6
6
6
6
6
6
6
6
6
6
6
6
6
6
6
6
6
6
6
6
6
6
6
6
6
6
6
6
6
6
6
6
6
6
6
6
6
6
6
6
6
6
6
6
6
6
6
6
6
6
6
100
6
6
6
-1
-1
-1
6
6
6
6
29
30
31
6
6
6
6
29
30
31
32
33
34
6
7
16
17
18
97
18
31
32
33
34
32
33
6
6
6
6
29
30
31
32
33
34
32
-1
37
39
40
41
42
43
44
37
74
37
64
37
81
82
83
84
101
24
25
88
93
5
92
3
32
85
23
24
25
2
3
6
6
6
31
32
33
34
35
42
37
-1
29
30
31
32
33
34
31
32
33
34
101
3
34
95
4
5
8
96
97
25
31
32
33
34
88
4
5
17
85
37
36
30
31
32
37
37
37
38
3
31
-1
-1
74
37
36
11
82
83
84
85
37
37
37
49
37
75
37
37
37
37
37
37
60
37
36
37
36
6
96
36
37
37
37
37
37
37
37
37
37
37
37
37
37
37
82
83
84
85
86
77
78
79
80
81
82
83
42
43
27
34
30
31
32
33
34
96
97
34
31
32
33
34
24
39
23
24
25
88
24
25
32
-1
-1
-1
-1
-1
37
37
37
37
37
37
37
37
37
36
37
37
36
6
38
39
40
41
42
43
44
45
37
50
37
36
19
20
21
22
75
29
39
37
37
37
37
37
37
36
-1
-1
6
6
6
6
6
6
6
6
6
6
6
6
6
6
6
6
6
6
6
6
6
6
6
6
6
6
6
6
6
6
7
6
6
6
6
6
6
6
6
6
6
6
29
30
31
32
33
34
2
3
30
31
6
29
30
31
32
33
34
32
33
26
70
23
24
4
100
6
31
32
33
34
6
97
6
29
30
31
32
33
34
6
94
-1
29
30
31
32
33
34
97
2
3
34
32
33
34
95
96
97
101
32
4
14
3
4
5
99
11
94
98
99
100
101
97
1
2
3
6
6
29
30
31
32
-1
-1
29
30
31
32
33
34
2
3
33
15
16
17
18
24
25
98
99
100
101
2
9
100
101
18
88
25
24
25
25
6
29
30
31
32
33
34
31
-1
-1
-1
-1
-1
29
30
31
6
95
6
31
32
33
34
35
57
87
88
9
10
20
21
9
10
11
12
13
14
6
1
2
3
4
6
29
30
31
32
33
34
35
54
55
6
0
1
6
6
6
6
6
6
6
6
6
6
6
6
6
6
6
6
6
6
6
6
6
6
6
6
6
6
6
6
6
6
6
6
6
6
6
6
6
6
6
6
6
6
