92
93
94
6
0
1
2
3
5
6
6
14
15
16
17
18
17
1
2
3
95
96
97
3
5
101
5
0
1
2
6
31
32
33
34
97
2
3
25
25
101
1
2
3
34
6
7
8
2
3
25
97
98
99
11
12
17
6
7
90
4
5
6
7
16
5
6
6
6
6
6
95
96
5
6
6
6
6
6
6
97
5
6
0
1
2
5
31
32
33
34
1
2
3
5
31
32
33
34
25
34
-1
31
32
33
34
34
21
2
3
101
1
15
16
91
12
5
95
96
97
98
92
93
12
65
66
9
10
11
12
13
16
19
10
11
12
13
12
94
95
96
97
5
-1
94
95
96
97
5
6
6
6
24
5
6
31
32
33
34
32
33
34
5
6
94
95
96
97
5
6
6
7
8
5
6
6
7
8
95
96
6
0
5
31
32
-1
5
6
32
33
34
5
0
1
2
3
6
7
36
89
36
36
25
6
8
9
10
11
12
94
95
96
97
98
99
16
36
23
24
25
26
35
36
6
7
8
36
5
31
32
33
34
33
34
21
25
21
15
16
17
1
2
3
24
25
95
96
18
100
101
24
25
25
25
32
33
34
101
97
25
33
34
95
96
97
95
96
97
34
-1
0
1
2
3
101
95
96
97
34
101
1
2
3
97
32
33
34
25
34
97
33
34
33
34
32
33
34
34
34
98
99
11
12
8
25
15
8
96
98
99
28
-1
2
6
94
95
96
5
6
6
31
32
33
34
32
33
34
3
3
1
2
3
3
32
33
34
2
3
96
97
21
96
97
96
97
25
34
96
97
3
32
33
5
6
18
19
20
21
1
2
3
24
25
24
25
33
4
14
15
16
16
17
36
93
94
95
96
98
5
94
95
96
97
32
33
34
24
5
6
96
6
31
32
33
34
32
4
5
6
6
6
6
23
24
25
5
6
94
95
96
97
96
97
25
5
8
6
31
32
33
34
95
96
97
98
99
5
6
8
5
6
-1
-1
-1
-1
-1
-1
-1
15
16
17
18
19
20
21
32
33
34
34
9
10
11
5
7
91
99
91
92
93
94
95
96
97
96
97
3
5
36
36
95
96
97
98
99
5
6
6
6
95
96
9
10
11
12
13
16
19
12
13
90
91
92
2
5
6
6
7
8
97
2
3
21
18
65
37
37
30
37
15
16
61
35
65
66
31
15
16
99
13
14
-1
-1
31
32
33
34
95
96
15
5
6
6
7
5
6
6
8
9
36
4
5
0
1
2
3
97
25
33
34
24
25
24
25
21
5
6
31
32
33
34
2
93
13
14
0
1
2
3
101
1
2
5
6
1
2
3
4
94
95
9
10
11
12
13
13
5
6
8
9
10
11
36
31
32
33
34
34
1
2
3
95
96
97
24
25
-1
8
9
10
11
12
13
11
12
13
99
100
101
96
97
97
97
34
4
14
101
95
96
97
3
3
21
1
2
3
32
5
0
1
2
3
4
8
9
94
95
96
97
35
42
37
38
35
35
35
28
37
38
35
61
35
35
35
35
35
35
35
35
35
37
35
35
63
35
35
35
63
64
5
6
6
6
6
6
6
6
31
32
33
34
5
6
6
6
1
2
5
100
5
6
33
34
5
6
36
94
95
5
1
2
3
36
95
96
97
98
35
42
35
35
36
36
36
35
36
35
36
19
20
21
18
19
6
33
6
33
34
5
6
101
6
94
95
5
6
17
5
6
6
6
6
6
6
6
6
6
95
96
97
5
6
6
0
1
5
6
2
3
4
5
94
95
96
97
0
1
36
5
6
6
7
5
33
34
5
0
1
6
7
5
6
6
31
5
6
1
2
3
4
5
1
2
3
36
6
7
99
13
14
32
33
34
24
25
97
-1
1
5
95
96
97
5
6
6
94
95
96
97
6
94
95
96
97
98
99
19
20
21
2
3
95
96
97
5
6
6
36
36
36
36
36
-1
-1
-1
-1
-1
-1
-1
89
90
91
5
94
95
96
97
95
96
97
24
25
32
33
34
101
6
24
6
17
5
6
31
32
33
34
1
5
6
3
36
36
24
25
26
27
5
6
97
36
-1
94
95
96
5
6
6
6
6
6
6
32
33
5
6
6
6
6
6
6
6
6
6
6
6
6
31
32
33
34
21
24
25
6
27
5
6
92
5
6
7
-1
-1
55
35
35
35
35
36
60
61
9
10
11
12
13
5
23
24
25
5
6
7
91
19
11
12
5
6
6
6
20
21
36
6
36
34
35
5
94
95
96
97
97
-1
9
10
11
12
13
91
91
28
16
17
5
6
6
7
8
42
43
94
95
96
97
32
33
34
1
2
18
19
13
12
13
90
20
21
2
30
61
42
86
87
76
76
9
10
11
12
13
14
36
8
9
10
11
12
5
6
31
32
5
96
97
98
92
32
5
6
6
23
5
6
6
7
5
31
42
76
46
35
35
60
61
62
76
25
