32
1
2
66
67
63
66
10
10
66
66
67
68
69
66
67
68
66
10
66
67
68
69
15
16
23
32
21
22
23
24
32
20
21
66
67
15
16
24
15
16
2
52
53
26
35
46
47
28
28
35
26
39
36
36
26
32
35
35
55
56
57
13
9
32
32
43
44
26
60
61
-1
36
18
19
10
10
66
67
68
69
13
66
67
68
69
24
69
2
17
20
32
67
68
17
21
22
13
66
67
63
67
9
32
32
37
36
65
66
67
13
66
67
68
66
20
21
22
23
24
2
63
15
16
66
66
67
68
15
64
65
66
63
66
67
66
10
63
25
66
67
68
63
63
32
32
66
67
63
67
13
63
4
4
66
10
4
66
67
68
17
10
66
67
66
10
10
66
67
68
63
4
66
13
10
10
63
10
4
10
4
63
66
10
63
10
10
63
4
20
21
66
65
66
67
68
7
25
66
10
63
4
66
67
68
63
66
67
68
25
25
65
66
66
10
20
26
4
63
10
13
32
32
27
28
32
66
26
13
14
63
66
67
17
28
36
32
27
28
18
14
24
22
32
19
20
28
21
22
26
32
32
21
22
23
24
22
23
24
2
2
3
9
9
12
32
32
65
66
32
20
21
66
66
4
32
18
19
63
10
66
67
0
1
63
66
67
68
69
69
1
66
67
68
69
22
23
24
63
66
67
68
69
66
67
68
63
67
68
69
66
13
22
23
24
32
1
2
32
21
22
23
24
66
15
66
67
68
69
68
69
22
63
19
20
4
-1
-1
-1
-1
-1
-1
35
39
43
66
67
26
35
39
70
71
61
36
36
35
35
39
36
35
41
42
43
35
35
35
35
16
17
35
19
39
36
36
43
36
35
35
43
43
39
35
35
39
43
39
40
26
26
63
37
7
8
9
8
9
12
1
2
66
5
6
64
65
68
69
24
32
66
4
32
13
32
26
26
32
22
23
24
26
32
16
17
26
48
36
36
26
27
8
9
65
62
63
64
10
10
11
4
4
10
11
32
32
18
32
10
10
32
4
5
25
5
17
10
10
4
25
32
0
1
2
65
66
67
68
69
66
66
66
67
66
67
68
63
67
68
69
22
23
66
17
26
25
63
25
25
13
9
10
67
63
28
7
8
9
71
7
71
1
2
66
67
68
69
24
2
23
24
1
2
17
20
21
32
0
1
2
15
4
20
21
8
9
27
7
8
9
6
17
36
63
4
25
66
67
68
66
4
5
25
15
5
32
33
70
71
22
23
70
9
10
32
10
32
25
60
32
15
16
22
23
24
1
2
32
47
10
15
16
1
66
63
15
16
23
66
66
10
63
25
66
12
13
19
20
29
60
3
26
27
21
61
32
20
21
7
4
66
67
17
25
58
66
63
13
61
62
63
63
63
47
15
7
8
9
25
10
10
10
25
21
22
23
24
17
63
66
63
66
67
66
67
13
7
8
9
6
61
62
23
66
58
36
42
43
35
26
43
39
63
17
35
36
35
46
47
35
46
47
20
21
17
21
22
66
67
68
69
66
67
68
10
11
27
28
18
32
27
28
26
36
39
13
26
26
39
39
36
26
26
36
43
47
48
35
26
57
58
27
28
28
65
66
27
28
20
28
21
70
71
66
67
66
4
63
4
19
20
21
32
16
17
10
66
67
17
21
22
23
32
71
4
10
66
67
63
4
5
9
8
9
8
4
5
32
65
66
67
68
3
9
10
11
4
10
63
4
4
10
66
47
