66
67
68
69
57
58
59
70
71
69
70
71
61
35
36
29
64
5
6
24
34
52
53
54
37
38
61
3
32
33
13
14
43
36
37
37
36
37
37
38
34
2
53
54
55
3
4
5
6
7
8
9
10
11
7
8
9
10
11
5
6
7
8
9
10
11
9
10
11
4
5
6
34
35
36
37
37
37
37
37
38
39
36
37
37
36
37
37
26
27
28
37
37
37
37
37
38
70
23
11
8
65
3
4
5
6
7
8
9
10
11
8
9
10
11
5
6
7
8
9
10
11
9
10
11
6
7
8
9
10
11
6
3
4
5
6
7
8
9
10
11
10
11
10
11
8
9
10
11
5
6
7
8
9
10
11
23
23
9
10
11
23
6
7
8
9
10
11
12
43
37
38
21
32
36
9
10
11
12
45
46
47
70
4
5
6
7
8
67
32
7
8
3
4
5
6
7
8
9
10
11
6
7
8
9
10
11
7
8
9
10
11
6
7
8
9
10
11
8
9
10
11
11
12
13
7
8
14
13
6
7
14
69
69
35
40
41
42
43
37
38
1
2
63
49
50
36
37
38
39
37
36
5
6
7
8
9
10
11
12
1
2
46
35
55
56
57
58
59
60
61
62
63
57
58
59
54
36
29
30
31
21
3
4
5
6
7
8
9
10
11
23
11
8
9
10
11
4
5
6
7
8
9
10
11
10
11
11
9
10
11
7
25
25
25
25
25
25
25
25
25
25
25
25
25
25
25
25
25
25
25
25
25
25
25
25
64
25
25
25
25
25
36
37
38
17
3
4
5
6
7
8
9
10
11
11
8
9
10
11
4
5
6
7
8
9
10
11
6
7
8
9
3
4
5
6
7
8
9
10
11
7
8
9
10
11
5
6
7
8
9
10
11
5
6
7
8
9
10
11
5
6
9
10
11
12
31
66
10
71
21
22
23
8
9
10
11
11
11
8
9
10
12
47
22
12
42
49
64
9
71
41
35
36
37
18
19
35
36
37
37
37
8
9
10
11
12
69
34
59
60
61
54
37
38
39
36
37
36
7
8
9
64
65
66
23
4
5
25
25
25
25
25
25
25
9
10
11
25
3
4
25
25
25
25
25
25
4
5
6
7
8
11
12
13
8
9
14
64
9
10
12
50
36
66
67
68
66
67
22
23
6
7
8
9
10
11
23
8
9
67
66
3
4
5
6
7
8
9
10
11
10
11
9
10
11
10
11
4
5
6
7
8
9
10
11
8
9
10
11
10
11
3
4
5
6
7
8
9
10
11
6
7
8
9
10
11
7
8
9
10
11
6
7
8
9
10
11
5
6
7
8
8
9
18
19
20
35
26
27
28
36
4
15
43
18
19
35
36
37
38
39
37
36
37
18
19
20
32
37
38
46
3
4
5
6
7
8
9
10
11
7
8
9
10
11
6
7
8
9
10
11
7
8
9
10
35
36
7
8
9
54
3
4
5
6
7
8
9
10
11
7
8
9
10
11
5
6
7
8
9
10
11
10
11
7
8
9
10
11
9
-1
3
4
5
6
7
8
9
10
11
11
23
6
7
8
9
10
11
6
7
8
9
10
11
5
6
7
8
9
10
11
37
38
13
23
24
22
23
10
11
9
10
71
13
8
9
10
11
23
10
11
23
23
23
8
9
10
11
8
9
-1
4
32
7
8
9
10
11
12
57
3
4
5
6
7
8
9
10
11
12
13
5
6
7
8
9
67
13
5
6
7
