65
66
67
68
69
69
67
68
69
23
24
22
23
3
4
68
69
2
23
24
68
69
67
20
21
22
23
24
67
68
69
2
66
67
68
69
69
22
23
24
1
-1
65
66
67
68
69
2
69
22
23
24
5
8
9
10
11
8
9
65
17
25
17
18
18
-1
17
18
19
69
68
69
0
1
2
3
9
10
11
12
69
67
3
11
12
69
69
67
68
69
17
19
66
67
68
69
22
23
24
67
68
5
64
65
66
67
68
69
1
2
17
64
65
66
67
70
8
9
10
12
67
70
11
8
25
1
2
13
14
2
23
24
65
66
67
68
69
67
68
69
1
2
20
-1
17
18
64
11
8
9
10
11
12
1
2
23
24
5
6
69
68
69
7
8
9
10
11
11
11
11
11
10
11
25
25
25
25
8
9
63
25
25
25
26
63
64
11
8
9
10
25
25
66
67
68
69
70
8
9
10
63
25
26
-1
17
18
19
20
64
18
19
5
25
22
23
20
64
65
66
67
68
69
63
64
11
9
10
11
10
6
69
23
24
68
69
1
2
1
2
24
7
8
71
69
68
69
22
23
24
69
70
-1
65
66
67
68
69
24
24
69
22
17
16
23
24
69
15
16
66
67
68
69
66
67
3
10
25
65
66
67
68
69
7
8
9
10
11
10
6
66
67
68
69
67
-1
36
63
64
8
12
1
2
22
23
24
24
66
3
8
9
12
69
65
66
67
68
69
2
66
67
3
4
24
23
24
66
67
68
69
2
69
67
68
69
68
69
66
67
68
69
2
2
25
25
25
25
25
25
25
25
25
-1
-1
11
12
13
64
10
25
25
25
25
17
18
25
25
25
9
10
17
18
25
18
19
26
66
67
26
64
65
66
57
24
-1
-1
63
64
65
70
71
22
23
24
5
9
17
18
18
19
69
24
23
26
27
66
67
68
69
-1
61
62
63
64
8
12
68
7
8
20
25
25
25
25
25
25
25
25
20
25
25
-1
1
65
66
67
68
69
17
-1
17
18
64
10
25
64
25
17
18
18
19
1
2
24
67
5
8
9
10
4
68
-1
0
65
66
67
68
69
66
67
68
13
64
65
66
67
68
-1
1
2
3
4
23
24
68
15
18
18
-1
-1
-1
-1
-1
9
10
11
12
13
25
25
25
25
25
25
21
22
13
-1
26
8
9
25
25
25
25
68
26
15
25
6
7
8
9
9
25
25
25
25
7
8
9
10
11
25
16
17
64
11
63
25
63
-1
-1
-1
-1
25
8
9
10
26
17
18
-1
17
18
64
9
25
25
68
69
70
10
11
10
20
21
22
25
25
20
21
22
23
24
17
16
17
-1
-1
-1
-1
-1
65
66
67
68
69
1
17
64
65
66
-1
65
66
67
68
69
23
17
16
17
18
19
22
23
24
17
18
18
19
70
64
65
66
67
68
69
22
23
24
66
67
68
69
24
22
23
24
22
23
24
24
69
68
69
1
2
2
22
23
24
16
17
18
18
19
66
13
14
23
24
5
8
9
10
11
10
25
25
16
17
25
25
-1
25
25
25
7
8
9
25
46
26
26
26
27
62
28
29
35
36
26
17
18
18
18
64
9
10
13
26
27
63
26
26
27
28
26
26
26
26
8
9
25
65
66
67
68
69
70
8
65
66
67
68
69
13
14
67
68
69
2
69
66
67
68
69
24
66
67
68
35
36
37
38
41
7
8
9
10
11
10
11
12
7
8
9
10
11
8
63
64
15
26
27
28
-1
62
26
26
-1
