2
3
4
5
6
7
8
32
30
31
24
30
31
4
5
22
23
24
25
26
27
24
27
41
42
47
48
49
50
-1
6
7
8
9
10
11
1
16
48
6
49
50
16
50
1
2
17
17
10
11
-1
22
23
24
32
33
32
32
33
30
32
33
32
33
32
30
32
30
30
31
24
-1
25
30
31
0
1
2
3
49
50
16
2
3
14
19
20
20
30
32
0
1
-1
14
15
16
50
2
19
32
14
15
16
15
16
15
16
50
50
15
16
1
16
50
9
10
11
16
16
16
16
1
16
15
16
1
15
16
16
1
1
50
15
16
-1
6
7
8
9
10
11
16
16
50
46
47
48
49
2
3
4
19
45
46
47
-1
44
45
44
9
10
9
14
15
48
49
50
50
1
2
14
2
11
1
2
3
-1
14
15
16
15
16
15
16
16
15
16
48
7
25
26
0
1
2
49
17
18
1
43
32
32
30
32
33
34
32
33
32
33
34
32
33
34
30
32
11
32
33
-1
20
30
32
33
32
32
30
30
30
30
32
9
10
11
17
4
-1
-1
-1
-1
-1
25
3
4
5
24
32
33
30
32
33
34
30
32
33
23
32
30
30
32
32
-1
31
32
32
33
34
25
26
32
32
33
34
30
30
30
30
32
32
30
30
32
-1
49
50
46
47
15
16
15
16
50
15
16
16
19
2
3
4
5
6
7
8
9
9
10
11
1
2
3
28
10
23
14
15
16
50
48
3
49
17
13
14
-1
-1
6
7
8
9
45
47
15
16
2
3
49
46
47
15
16
48
45
44
6
-1
-1
30
12
32
32
2
3
24
25
26
32
32
33
34
32
33
34
32
33
8
25
32
4
5
6
7
8
9
10
11
48
45
44
10
11
50
43
44
49
2
3
4
5
32
33
32
33
32
32
32
33
34
32
33
9
24
30
7
12
30
32
30
32
32
32
32
33
34
26
20
32
33
32
13
14
48
3
32
43
44
24
9
31
9
10
1
2
3
11
50
50
48
9
10
8
9
10
6
7
8
11
1
2
17
18
1
9
10
11
50
48
7
8
9
10
7
49
2
45
44
8
9
10
3
4
5
45
44
45
34
30
32
46
25
26
32
33
30
31
49
50
42
24
25
26
13
14
15
18
19
23
38
8
9
10
42
48
49
50
48
5
49
50
16
16
17
18
1
16
14
15
16
15
16
1
17
29
44
45
44
10
6
45
46
47
48
49
46
47
30
