7
8
42
43
44
44
45
48
14
10
11
12
13
14
11
45
42
28
29
30
31
32
33
34
35
36
37
38
27
-1
15
16
2
16
46
47
50
2
3
4
16
2
3
4
16
50
2
3
4
5
-1
15
16
2
16
2
3
4
5
5
3
4
5
16
2
3
4
5
5
3
4
5
0
1
2
16
50
50
46
47
1
50
46
47
50
1
1
50
46
47
50
46
-1
4
5
16
1
2
16
46
2
3
16
2
16
2
3
4
5
4
16
50
46
-1
17
18
19
43
44
9
10
11
12
13
14
11
15
4
5
16
2
3
4
5
-1
15
16
2
16
2
16
2
16
47
2
16
46
47
1
47
2
3
4
5
3
4
2
3
4
5
5
16
2
16
46
47
2
3
4
5
5
5
5
5
3
4
-1
45
46
47
47
47
46
47
50
1
2
16
47
46
47
1
2
16
50
47
46
-1
45
46
47
47
2
3
4
16
50
2
3
4
16
47
2
16
1
1
2
16
46
3
4
5
16
47
47
2
3
4
5
5
3
16
50
1
2
3
16
47
-1
-1
45
46
47
1
46
47
46
2
16
47
1
50
1
1
47
47
47
46
47
2
-1
15
16
1
2
3
4
5
3
16
2
3
16
1
1
2
3
16
50
2
16
-1
15
16
50
46
47
2
3
16
47
46
47
47
46
47
2
3
16
50
2
3
-1
15
16
1
2
16
47
2
16
1
1
1
50
47
50
1
50
46
47
1
47
-1
45
46
47
47
50
47
1
47
1
46
2
3
16
46
2
16
47
2
16
47
1
45
46
47
1
47
46
47
2
16
47
47
2
16
1
2
16
1
50
1
2
-1
2
3
4
5
4
5
3
4
5
5
4
5
5
5
16
50
47
50
1
-1
-1
1
2
3
16
2
3
4
5
4
5
5
16
2
16
2
16
2
3
4
16
-1
15
16
47
1
2
16
1
50
1
1
46
47
46
2
3
16
50
46
2
3
4
2
3
4
5
4
5
5
3
4
5
3
4
5
16
46
47
47
50
50
46
-1
6
7
8
9
20
21
22
23
24
25
26
27
28
29
30
43
44
12
42
43
19
15
16
1
46
47
1
47
46
47
47
50
1
1
1
47
46
47
1
47
1
50
2
3
4
5
5
16
1
1
46
2
16
46
47
47
46
47
50
2
3
4
-1
2
3
16
2
3
4
5
5
4
5
5
3
4
5
16
47
2
16
1
1
2
