49
50
1
1
50
50
50
2
49
50
1
1
50
1
2
49
50
2
3
49
2
3
4
5
49
50
50
50
50
-1
47
48
49
2
3
49
50
1
50
50
1
50
2
49
50
50
1
1
1
50
-1
29
30
28
29
29
29
29
30
28
29
29
29
29
29
29
29
29
29
30
29
-1
1
2
3
4
49
50
50
50
1
1
1
2
49
50
1
2
3
49
50
50
50
0
1
50
1
50
2
3
4
5
6
49
2
3
49
50
50
1
50
50
50
2
49
50
1
2
49
50
50
1
2
3
49
50
2
3
49
50
50
2
49
2
-1
0
1
1
2
49
2
49
2
49
50
2
3
49
50
2
3
4
5
49
2
-1
1
2
3
4
5
6
7
8
9
10
49
50
1
50
1
1
1
1
50
50
1
49
50
50
50
2
3
4
5
6
7
8
9
10
11
12
13
14
49
2
3
49
43
44
45
46
47
48
49
50
2
3
4
49
2
49
50
50
2
3
4
49
-1
25
29
30
25
26
48
49
17
33
34
35
36
32
33
20
21
22
23
43
44
-1
48
49
2
3
4
5
6
7
8
9
10
11
12
49
2
19
43
44
45
46
-1
46
47
48
49
2
3
4
5
6
7
8
9
10
11
49
50
1
50
1
2
3
23
24
25
26
25
26
25
26
2
3
4
24
25
26
25
26
25
26
33
36
-1
47
48
49
50
50
2
49
50
2
3
4
5
6
7
8
9
10
11
12
13
-1
16
17
17
17
17
17
17
17
17
17
17
19
17
17
17
18
17
17
17
17
-1
47
48
49
2
3
4
5
6
49
50
1
1
1
2
49
2
3
4
5
6
49
0
1
50
1
50
2
3
49
50
1
50
2
3
4
5
6
7
8
9
10
49
0
1
1
1
1
50
2
3
4
5
49
50
2
3
4
5
6
7
8
9
-1
49
50
1
2
49
50
1
2
3
49
50
50
1
1
50
2
3
4
49
50
-1
5
6
7
8
9
10
11
12
13
14
49
50
1
2
3
4
5
6
7
49
-1
0
1
2
3
4
5
6
49
2
3
4
49
2
3
4
5
6
7
8
9
-1
1
2
3
49
2
3
4
5
49
50
1
50
2
49
50
2
3
49
2
3
-1
23
24
29
30
25
26
31
28
29
22
23
43
44
45
46
19
43
44
45
49
-1
6
7
8
9
10
11
12
13
49
2
17
17
17
18
49
2
3
17
0
1
2
