203
224
57
203
224
203
203
224
203
203
203
57
112
55
203
203
203
203
203
203
203
224
224
187
187
187
146
203
203
203
146
203
203
203
203
203
203
203
203
57
112
203
203
240
240
203
203
203
112
112
203
203
203
203
112
78
203
57
112
103
103
8
119
119
119
119
119
119
78
78
112
78
78
112
164
112
119
78
78
203
228
119
119
78
78
228
103
119
119
78
78
78
78
78
240
8
78
78
8
30
119
119
119
119
119
119
119
119
119
119
119
119
119
119
119
119
119
119
119
119
119
119
103
119
119
119
103
103
119
119
119
119
119
119
119
119
164
112
103
119
103
146
