2
128
2
2
76
127
128
128
128
128
128
128
128
128
128
128
128
128
128
128
128
128
128
128
128
128
128
128
128
128
128
128
128
128
128
128
128
128
128
129
128
128
128
128
128
128
128
128
128
128
128
128
128
129
128
128
128
128
128
-1
129
130
131
132
16
132
133
134
135
136
5
12
18
5
6
6
6
129
130
131
132
133
134
10
11
10
11
129
130
20
5
6
6
6
6
6
20
5
6
6
6
-1
128
128
128
129
128
128
128
128
128
128
128
128
128
128
128
128
128
128
128
128
128
128
128
128
128
128
128
128
128
128
128
128
128
128
128
128
128
128
128
128
128
128
