5
5
13
3
3
3
10
10
10
3
3
3
3
3
3
3
3
10
3
3
10
3
3
3
3
3
10
10
10
3
14
10
3
3
10
10
10
3
10
3
3
3
3
10
9
9
9
9
9
2
2
2
14
9
10
10
10
10
10
10
10
10
10
10
10
10
10
10
10
10
10
10
10
10
10
10
10
5
10
10
10
10
10
10
10
10
10
10
10
10
10
10
10
9
9
2
10
3
3
3
13
13
13
13
3
13
13
11
10
9
5
10
9
10
13
13
13
3
13
13
3
13
13
13
3
3
3
10
9
9
9
2
2
2
2
2
9
9
9
9
9
9
10
10
10
2
11
13
3
14
14
2
9
9
2
2
9
9
14
2
9
4
4
11
11
2
9
2
14
10
4
9
2
14
10
14
14
9
9
9
10
9
9
9
9
9
2
9
9
9
2
2
2
2
2
2
9
14
9
9
9
2
2
9
9
2
9
5
10
14
9
2
9
9
9
2
2
2
2
2
