10
10
10
9
62
10
58
18
10
10
47
9
47
18
37
37
18
18
37
18
18
18
18
37
18
18
18
18
18
58
18
10
18
18
18
10
10
9
18
18
47
18
35
10
10
10
58
35
10
47
40
40
40
47
18
58
35
9
60
18
21
39
39
39
21
21
39
39
39
39
39
39
39
39
39
39
21
40
40
40
21
21
21
21
21
21
39
47
39
39
39
39
21
21
21
47
9
9
35
9
9
47
39
39
39
39
39
39
39
39
39
39
39
39
39
39
39
39
39
39
39
39
39
39
47
39
39
39
39
39
39
39
39
39
39
40
21
21
40
21
21
32
40
21
21
21
39
21
21
39
21
21
21
21
21
21
21
21
21
21
21
21
21
21
21
21
21
40
21
21
21
21
21
21
21
21
21
39
40
40
40
40
21
40
40
40
21
21
40
40
21
21
21
21
21
40
40
39
39
21
21
21
39
40
40
21
21
21
21
21
21
21
23
21
21
21
21
21
21
