109
78
203
30
30
78
78
78
203
203
203
203
57
112
112
78
203
203
203
203
203
5
203
203
203
203
203
203
203
203
203
203
30
30
203
203
84
41
41
41
247
203
5
5
203
203
203
203
203
112
30
240
41
5
30
5
240
240
203
146
119
119
119
119
119
119
103
119
119
119
164
119
8
240
53
109
41
228
164
119
119
164
164
119
119
103
164
119
119
119
119
164
228
119
119
119
119
119
119
119
78
8
5
5
119
5
228
119
119
5
164
119
164
8
78
119
164
57
203
57
114
203
57
86
170
69
41
41
5
5
5
41
146
146
203
203
203
224
5
109
41
41
146
103
112
112
112
112
112
203
112
30
203
78
203
203
203
203
203
112
119
5
55
109
203
109
203
203
203
112
112
112
112
112
30
55
203
203
30
224
224
112
78
119
109
170
119
119
119
119
8
103
103
103
103
103
119
240
170
103
103
240
240
240
170
240
240
240
7
5
240
240
170
69
119
119
119
8
119
119
103
103
119
119
