19
19
97
97
225
19
19
225
97
172
19
97
97
19
19
141
225
180
4
180
141
172
225
4
180
225
172
172
172
172
4
225
172
225
116
225
97
4
225
97
225
172
8
8
8
8
8
8
8
8
8
8
8
8
8
8
8
8
8
8
8
8
8
8
8
8
8
8
8
8
8
8
141
193
141
172
141
172
178
19
67
212
212
104
212
212
212
116
116
97
212
116
241
172
172
172
97
103
212
212
212
67
180
180
180
225
180
180
180
104
104
180
180
104
185
180
150
180
180
180
180
102
225
4
97
180
225
61
241
212
212
225
4
4
4
180
4
172
141
4
4
180
212
212
225
225
180
104
212
225
4
180
180
4
4
4
141
203
183
180
241
241
