562
563
564
579
580
617
757
603
678
679
739
107
771
772
773
772
773
612
572
573
574
573
574
572
569
554
552
225
572
774
775
776
777
609
610
645
586
744
745
746
41
42
43
44
236
815
799
854
890
236
853
854
297
124
851
852
853
854
855
-1
741
742
743
744
745
417
418
419
420
421
422
423
17
18
149
736
787
291
40
41
851
237
122
123
221
738
6
7
8
9
10
11
12
13
14
15
16
17
18
19
20
858
847
848
849
850
460
442
443
444
445
446
149
124
742
743
383
384
385
850
851
852
61
254
255
256
257
258
388
389
390
391
392
241
720
721
888
899
107
108
698
475
476
307
