128
129
888
747
748
36
149
926
927
928
895
462
463
909
910
334
335
336
337
214
922
334
335
336
337
338
339
228
657
658
659
660
661
662
663
664
665
346
334
555
554
214
910
37
7
675
214
553
554
162
668
214
215
209
210
672
673
674
195
-1
285
286
287
84
638
874
62
63
736
737
738
463
464
305
438
667
668
868
88
89
244
241
61
859
860
449
846
61
62
837
490
491
784
476
477
478
127
824
152
783
784
785
467
468
469
470
471
272
65
66
405
406
361
362
454
292
824
825
832
290
291
150
216
497
498
119
390
391
392
393
394
509
510
511
720
721
722
824
496
846
847
40
654
-1
