243
244
245
246
247
248
249
454
106
107
340
341
342
343
344
108
393
394
146
694
849
77
78
79
80
81
212
5
6
838
839
840
841
842
843
844
845
846
847
848
849
771
772
773
388
389
390
391
392
393
394
395
23
13
760
514
515
516
254
-1
642
643
644
645
155
728
781
559
744
418
419
674
675
676
123
124
125
124
125
674
568
569
556
744
312
626
198
199
200
201
202
203
204
937
938
939
940
941
207
334
572
573
902
903
904
905
906
907
908
909
910
911
912
913
914
915
916
917
918
919
920
921
922
923
924
925
926
927
928
929
930
931
932
933
934
935
936
937
938
939
940
941
177
-1
