130
135
136
137
121
121
121
135
135
121
130
121
135
130
135
130
130
121
135
121
135
130
135
130
130
135
121
135
135
121
130
135
130
135
135
135
130
135
121
130
135
135
121
135
130
121
135
135
121
130
130
130
130
130
130
135
130
121
135
121
37
38
39
40
41
42
43
44
45
46
13
14
15
41
42
43
44
45
46
51
52
53
54
14
15
28
29
30
31
40
41
23
66
141
132
133
134
58
59
52
53
54
37
38
39
40
41
42
43
44
45
46
52
53
10
126
127
133
103
34
51
52
53
54
43
44
45
46
14
15
25
26
27
102
137
24
16
124
-1
-1
-1
-1
-1
-1
