228
228
228
30
25
187
187
25
25
25
187
187
25
187
187
30
187
187
30
187
187
187
187
187
187
187
187
25
187
187
187
187
187
187
187
187
25
187
187
187
187
187
187
187
187
187
187
187
187
187
187
25
25
226
25
187
187
187
30
25
187
226
187
187
25
187
187
25
187
187
187
187
187
187
187
25
25
187
187
187
187
187
187
187
187
187
187
25
226
187
187
25
187
187
187
187
187
187
187
187
187
78
78
78
78
78
78
78
78
78
78
78
78
78
78
78
78
78
78
78
78
78
78
78
78
78
78
78
30
30
30
30
30
78
78
78
78
78
30
25
25
25
