164
164
119
119
119
103
119
119
119
119
119
103
103
103
103
119
119
119
103
119
103
103
103
103
119
103
103
103
103
119
119
119
119
103
240
84
84
7
109
170
240
39
39
109
109
146
146
41
109
109
146
109
104
84
109
39
39
99
41
53
220
103
103
103
220
161
188
234
103
103
103
8
234
103
103
75
80
234
224
224
153
153
103
240
112
75
234
70
235
112
75
134
134
41
103
161
105
109
240
112
240
119
119
103
119
119
103
103
103
103
103
103
103
103
103
103
103
103
103
8
103
103
103
103
103
240
240
134
240
134
112
240
234
75
8
75
75
103
103
112
103
134
240
