188
112
202
78
55
164
112
78
164
164
78
78
119
78
78
103
103
119
78
78
112
101
101
8
164
112
228
8
8
8
8
8
75
8
103
228
8
8
8
101
75
8
101
12
136
101
101
101
101
101
30
103
8
8
240
75
170
184
55
29
105
105
105
29
29
105
80
29
29
69
109
220
161
29
161
30
202
240
188
57
112
164
164
164
30
161
103
119
119
55
119
119
119
119
30
164
164
164
164
147
164
119
78
78
119
228
103
78
8
8
228
119
112
228
240
240
228
228
101
55
191
202
103
119
103
103
240
119
103
103
103
103
119
119
103
78
119
119
119
119
8
103
