109
69
69
103
103
78
112
112
119
78
78
78
78
78
78
78
78
8
134
170
69
240
240
240
103
103
78
112
78
78
8
8
203
78
78
112
8
224
224
78
78
134
78
78
103
78
112
112
112
112
240
240
170
103
240
188
194
134
170
224
78
78
78
78
8
78
8
8
78
78
119
78
119
78
78
78
119
119
119
78
78
119
119
119
119
78
119
119
119
119
78
119
78
112
112
112
119
103
103
78
119
203
240
78
134
78
78
240
240
78
203
240
103
134
103
134
78
134
149
203
134
149
149
78
203
224
103
78
134
149
103
103
119
119
103
78
134
134
103
103
134
103
103
