203
203
203
203
203
203
203
203
112
112
203
203
203
203
203
112
203
203
203
203
203
203
203
203
203
203
203
203
203
203
203
203
203
203
112
203
203
203
203
203
57
112
203
203
203
112
203
203
57
203
112
112
112
112
112
112
203
112
203
164
164
164
164
164
164
164
164
164
164
164
164
164
164
164
164
164
164
164
164
164
164
164
164
164
164
57
164
164
164
164
164
164
112
112
112
112
164
164
164
3
94
203
112
203
57
112
112
112
112
203
203
203
203
203
203
203
203
203
112
112
112
203
203
203
203
203
203
203
203
203
203
203
203
203
203
203
203
203
203
203
203
203
203
