424
425
426
427
428
760
1082
1081
1082
439
440
1081
1082
1081
1082
439
440
760
440
440
439
440
760
428
439
440
1082
1081
1082
440
428
505
428
428
427
428
428
1081
1082
439
440
505
1082
431
1081
1082
427
428
428
505
428
505
431
-1
-1
-1
-1
-1
-1
-1
1082
1083
1084
1085
1086
1087
1088
1089
1090
1091
1092
1093
1094
1095
1096
1097
502
53
496
497
902
903
904
905
906
907
908
909
495
496
497
1021
847
848
849
850
859
495
53
496
497
840
-1
-1
-1
-1
417
418
-1
-1
-1
719
-1
-1
-1
737
-1
-1
-1
-1
-1
-1
-1
-1
-1
-1
-1
-1
-1
749
-1
-1
434
435
436
437
719
701
-1
-1
-1
-1
-1
-1
