473
474
475
4
5
519
520
929
617
1029
1030
879
473
474
289
290
291
198
479
480
481
473
474
475
476
475
476
480
474
475
476
476
480
476
475
476
44
474
-1
-1
-1
-1
-1
-1
-1
-1
16
-1
-1
-1
-1
-1
52
53
1011
1012
1089
-1
-1
475
1010
1011
171
-1
473
474
520
521
475
520
1010
521
44
479
480
44
408
473
474
475
520
1011
473
474
475
476
476
474
475
476
475
476
474
475
476
1101
1102
1012
1013
521
474
-1
775
776
1072
754
782
783
-1
-1
-1
994
995
996
997
28
475
477
35
149
150
985
106
107
802
140
711
108
1072
802
140
987
988
792
774
775
776
1015
1081
276
277
278
279
-1
