19
20
479
480
16
17
506
480
545
506
29
29
29
45
29
480
506
479
477
478
479
480
782
783
784
1094
1095
1096
506
45
423
436
436
437
438
506
479
45
480
484
1025
506
479
477
480
520
477
478
479
480
506
480
435
476
477
478
479
507
425
-1
745
746
747
478
479
480
11
12
13
14
747
746
1092
1093
1094
1095
1096
1097
1098
1099
1100
1101
1102
1103
1104
1105
1106
1107
1108
1109
520
521
522
20
21
939
940
941
910
911
912
913
157
158
159
160
161
162
163
164
165
166
167
168
169
756
92
93
94
757
1081
716
114
76
38
107
108
37
38
38
38
38
38
38
795
102
103
712
37
38
38
38
38
38
