1129
1130
1131
1132
1133
1134
1129
204
312
313
872
288
289
908
891
1104
1105
1106
1101
1130
1131
1135
288
289
290
318
319
320
1099
1100
1101
258
259
260
288
289
1135
1131
258
259
891
285
1097
1130
1131
1132
1133
1134
211
1117
267
312
313
314
315
267
-1
-1
314
-1
460
258
259
260
261
262
1149
1150
213
214
1126
1127
892
1125
321
338
1130
1131
908
909
260
1131
1132
1133
1134
229
227
228
229
1099
1100
938
158
-1
221
222
223
870
871
-1
1137
-1
223
224
909
221
222
223
302
303
304
320
1103
1104
1105
1106
451
452
459
874
875
1131
1132
1133
227
868
869
870
871
873
867
868
869
842
458
319
320
453
290
459
458
216
172
227
