148
149
150
151
581
163
164
165
166
167
168
169
170
128
129
160
167
121
178
132
133
184
137
138
139
130
131
270
271
272
276
906
303
304
305
275
276
277
294
295
546
547
565
854
855
303
304
305
36
571
554
740
289
290
304
274
275
276
277
-1
303
304
305
306
307
308
309
310
311
7
6
275
276
277
337
338
4
5
274
275
276
36
219
275
276
277
337
338
275
276
277
285
38
39
40
309
310
311
308
309
310
311
896
897
898
899
900
901
902
903
1099
881
141
142
143
144
1106
1107
1108
178
179
180
894
895
896
897
898
899
900
217
888
889
198
257
885
258
889
890
258
1312
1313
1314
258
-1
