102
126
140
126
221
221
126
140
141
133
184
126
126
140
141
221
184
166
140
135
143
126
126
126
182
131
221
221
221
221
221
261
263
226
221
221
221
221
221
221
221
221
221
221
221
221
221
221
221
221
221
221
221
221
221
221
221
221
288
221
594
595
618
169
500
501
502
503
496
615
1084
1085
13
276
57
58
59
206
1170
1171
983
503
504
647
633
634
503
634
501
1273
1274
502
503
278
54
462
261
563
857
858
685
-1
261
261
228
221
221
221
300
228
228
228
228
228
221
221
221
283
261
221
228
228
228
228
221
143
-1
314
315
126
221
228
228
228
886
305
306
307
308
309
310
311
1139
-1
