44
45
228
10
280
546
547
47
270
271
26
27
28
29
38
245
246
247
1
37
532
224
70
832
226
227
690
691
839
850
844
839
528
850
851
690
691
849
850
224
801
252
224
420
421
70
224
224
224
224
284
834
835
513
551
802
381
426
283
-1
552
127
128
129
552
553
179
561
552
553
290
108
681
521
552
293
294
826
550
539
50
532
270
271
272
273
521
246
247
248
279
247
248
248
248
294
700
701
702
703
600
-1
701
0
1
39
17
259
834
10
11
838
514
516
523
24
550
551
68
69
70
279
296
833
834
247
242
243
550
258
851
852
853
854
247
248
245
16
17
248
248
248
249
851
