59
59
59
59
59
59
59
59
-1
-1
549
-1
549
-1
-1
27
59
-1
-1
535
536
551
59
59
549
538
539
290
292
291
290
290
80
81
549
549
54
55
56
57
572
573
543
34
23
14
70
545
696
700
701
696
51
52
543
544
545
546
547
-1
534
289
290
132
133
540
541
542
524
525
526
527
525
556
183
184
550
551
289
290
537
333
334
335
680
681
822
823
816
817
818
290
554
81
555
556
290
694
695
696
836
828
291
550
551
552
290
535
536
331
332
333
334
335
43
44
551
552
553
683
358
395
684
489
490
499
436
123
106
546
547
548
683
684
500
501
502
290
103
104
105
482
290
245
