134
138
135
136
136
3
4
5
140
136
137
138
139
140
141
142
143
139
140
141
135
136
137
138
4
137
138
139
140
141
142
143
139
140
2
3
137
138
87
88
137
135
136
136
123
140
141
142
136
137
136
137
138
139
140
141
142
135
136
-1
122
123
124
143
126
127
137
138
139
136
124
125
126
127
128
138
139
140
135
136
130
131
132
139
136
137
136
137
138
139
140
141
3
142
121
141
142
136
126
127
128
129
121
122
123
124
125
126
127
128
129
130
131
132
133
134
142
143
4
5
140
126
127
128
138
121
122
123
124
125
126
127
128
129
130
131
132
133
134
135
130
131
132
133
