52
53
54
55
115
67
68
72
73
115
118
119
75
76
57
65
61
62
63
64
30
31
32
33
34
35
27
28
29
30
65
61
66
108
109
110
115
116
117
117
111
115
116
58
59
115
116
117
116
117
128
70
71
59
116
117
109
116
117
-1
34
138
116
61
62
63
64
65
63
115
61
62
63
64
24
109
71
69
61
63
64
115
118
65
82
131
132
95
128
129
95
96
97
97
7
8
87
53
54
55
-1
-1
121
122
123
124
125
126
127
128
129
130
131
132
133
134
135
136
137
138
139
140
141
142
143
137
138
139
140
141
142
143
89
6
7
88
89
137
138
139
140
141
142
143
