103
103
240
103
103
103
103
8
103
103
240
103
8
240
103
103
119
119
119
8
75
103
8
103
8
8
8
103
103
112
112
8
103
8
164
119
119
103
8
8
119
119
8
103
119
119
103
119
240
228
119
103
103
103
103
103
103
103
103
103
119
119
119
119
119
119
103
119
119
119
119
119
119
119
119
119
119
119
119
8
119
8
119
119
119
119
119
119
119
119
119
119
119
119
119
119
119
119
164
119
103
8
228
224
103
103
103
103
119
119
119
103
103
8
8
103
103
112
224
86
224
164
103
103
103
103
119
119
119
119
103
103
119
119
103
103
119
119
119
240
