272
273
274
275
276
277
278
279
280
281
282
283
284
285
286
287
288
289
290
291
292
293
294
295
296
297
298
299
300
301
302
303
304
305
306
307
308
309
310
311
932
933
934
935
936
937
938
939
940
941
942
943
944
945
946
731
495
1052
1053
1054
671
672
673
674
675
676
346
1507
947
682
1512
1054
1055
316
317
746
713
714
15
322
1528
1529
1525
747
1307
1002
979
980
981
982
983
1213
1402
1403
1404
1405
1406
1407
1408
1409
1410
-1
1522
1523
1524
1525
1526
1527
1528
1529
318
1510
1511
686
687
1529
317
383
686
687
744
745
746
685
686
687
688
1510
1511
687
317
318
1330
1510
1511
675
317
317
742
743
744
745
746
-1
1430
1431
1432
1433
1434
1224
1148
1452
1453
269
1239
241
726
769
770
771
1483
384
385
1065
567
1483
461
77
395
350
351
194
1374
1462
138
139
767
768
1483
686
1484
773
769
770
-1
-1
942
943
944
945
946
947
948
949
950
951
952
953
954
955
956
957
958
959
960
961
962
963
678
679
680
681
626
627
628
629
630
631
632
633
634
-1
-1
-1
-1
-1
-1
-1
939
940
941
942
943
944
945
946
947
948
949
950
951
952
953
954
955
956
957
958
959
960
961
962
963
241
242
243
244
245
246
247
248
249
250
251
252
253
991
1068
262
-1
541
542
543
544
545
546
547
548
549
550
551
552
630
481
482
483
1250
799
518
519
1131
1297
1240
969
970
1236
1237
714
128
197
563
564
1298
1299
1300
573
1132
1133
138
139
-1
-1
401
402
403
404
405
714
656
657
36
967
968
969
970
1241
1190
518
139
1067
353
1235
1236
1237
1238
1239
555
1119
1120
555
1359
426
427
428
429
430
431
432
433
434
325
399
548
-1
272
273
274
275
276
277
278
279
280
281
282
283
284
285
286
287
288
289
290
291
292
293
294
295
296
297
298
299
300
301
302
303
304
305
306
1071
1072
972
156
275
276
277
1397
1398
1399
1400
1401
1402
1510
1511
360
361
362
1509
1510
1511
684
1133
1134
1135
1136
1523
1524
1525
1526
1451
1452
1453
1454
1455
1456
1457
1155
1490
1491
1510
1511
190
191
1096
1097
1098
1224
1258
1508
1509
1510
1511
383
360
361
362
1436
1347
1309
1310
446
1499
1500
1510
1511
318
1398
1399
1400
1510
1511
1523
1484
771
772
558
38
39
40
1513
1510
1484
1504
1505
306
-1
-1
-1
-1
-1
1346
1347
1348
1349
1510
1511
393
389
390
675
389
1507
552
395
359
1507
73
74
75
76
77
78
208
460
684
685
461
951
952
726
727
76
767
768
769
1504
648
1214
536
1139
-1
-1
1520
1521
1522
1523
1524
1525
1526
1527
1528
1529
1526
1527
318
1510
1511
393
328
329
1484
1483
464
465
733
734
393
686
687
383
744
745
746
744
745
746
383
745
746
188
189
388
389
-1
1031
1032
1033
812
813
564
536
1245
1166
1090
1091
566
1131
788
1482
771
922
923
767
768
769
770
771
772
773
1090
1091
768
769
770
771
772
773
1092
1093
1094
1293
1047
769
770
771
-1
1520
1521
1522
1523
1524
1525
1526
1527
1528
315
126
682
683
684
1484
1483
742
743
744
745
746
1525
1526
644
645
712
713
732
733
734
393
1525
449
387
388
323
314
684
-1
-1
-1
-1
1388
1389
1390
1391
1392
1393
509
1004
1005
1422
1270
489
1463
174
1318
1139
1434
1006
897
783
775
789
962
963
1216
1217
1218
418
419
1268
1269
1510
1511
1511
1448
1449
1450
1451
1452
1453
1454
-1
936
937
938
939
940
941
942
943
944
945
946
947
948
949
950
951
952
953
954
955
956
957
958
959
960
961
962
184
1008
1009
1010
1011
1012
1013
1014
1015
1016
-1
-1
-1
-1
-1
1436
1437
1438
1439
1440
1441
349
350
708
1315
1338
1321
1379
1149
1047
1110
767
768
1483
461
1008
975
1482
771
772
773
1482
768
1092
1093
1094
767
768
1047
1048
1049
1251
1252
1253
1254
1255
-1
1520
1521
1522
1523
1524
1525
1526
1527
1512
460
686
687
688
1443
1444
314
328
329
1529
1526
1527
1528
1529
685
686
687
1525
1526
1527
1528
1484
975
1483
1528
1529
328
329
465
1522
1523
1524
-1
765
766
767
768
769
770
771
772
773
770
777
556
280
322
391
392
1484
772
773
776
771
772
773
770
771
772
773
975
975
769
770
771
772
773
773
774
812
668
733
1484
-1
-1
1053
1054
1055
1056
1057
1058
1059
1060
1061
1062
1063
1064
1065
1066
107
108
109
110
111
112
113
114
115
116
152
153
385
386
53
54
55
56
730
282
283
284
285
286
287
288
-1
-1
682
683
684
685
686
391
392
393
742
743
744
745
746
1522
1523
1524
1525
1526
1527
1484
776
1483
684
685
686
687
317
382
383
329
684
685
747
1510
1511
1529
686
687
684
1484
1483
-1
387
388
389
390
391
765
766
279
280
281
282
387
388
360
1510
1511
1512
48
46
47
48
761
762
763
764
765
1008
776
1009
1010
1011
1012
1013
1014
1008
772
773
1009
1010
1011
-1
-1
272
273
274
275
276
277
278
279
280
281
282
283
284
285
286
287
288
289
290
291
292
293
294
295
296
297
298
299
300
301
302
303
304
305
306
307
308
309
310
311
755
756
750
751
752
753
754
755
756
757
758
759
760
761
762
763
764
765
766
767
768
727
656
962
541
542
124
767
768
1504
1008
1009
1010
726
772
976
39
40
41
57
343
1036
1037
319
