1492
1493
302
622
623
690
2
1516
334
653
1068
1069
1070
754
1071
1512
1030
1031
1032
1478
1479
610
771
772
702
326
665
321
288
1494
1503
1415
621
418
419
270
458
1030
479
480
481
1433
536
537
152
153
736
692
693
694
216
681
682
683
380
381
652
1506
448
-1
753
754
1067
714
661
753
754
1069
1070
1070
1070
996
996
1520
754
1070
1022
1023
157
158
958
772
773
772
773
955
1012
1013
974
975
1010
1011
633
1068
226
176
356
463
657
701
254
-1
974
1068
1069
1070
1070
1504
960
1519
1520
1521
1522
1523
1524
1525
1526
1527
1528
1529
993
8
9
10
11
428
243
242
493
263
225
1521
1522
1523
1524
1525
535
239
240
1529
430
10
11
-1
422
423
424
425
426
427
428
191
456
1204
572
603
584
1507
269
270
1494
1495
709
116
117
118
1029
546
164
1014
1108
1109
-1
1117
169
170
174
175
356
357
203
204
975
673
1507
-1
325
326
491
1509
1510
1511
225
1071
225
561
429
225
1067
444
1026
1027
341
1080
1312
1313
417
418
1315
1474
1135
605
445
301
269
270
684
685
686
1068
561
3
4
994
1023
1024
12
-1
673
674
675
676
677
678
104
753
960
961
1013
960
961
998
999
41
40
1013
111
695
752
1023
381
382
383
995
336
337
338
339
340
995
226
113
114
661
667
668
624
990
753
1022
1519
1520
1521
1522
1523
1026
690
1026
995
1071
3
225
1070
1069
561
412
326
1520
1521
1522
236
722
1126
1127
1128
1129
1025
224
1025
993
225
1521
1522
448
273
714
212
397
225
1071
716
-1
971
763
764
765
1007
1007
-1
-1
-1
1007
-1
960
-1
770
771
693
1000
1504
1504
-1
-1
1059
1060
-1
1011
1012
756
1063
951
1359
783
784
-1
433
434
435
43
18
128
129
409
-1
32
33
1070
1067
1068
1069
1070
997
1013
753
1067
395
995
996
1069
1071
31
667
714
672
673
437
197
248
551
437
403
23
694
107
753
997
756
33
1520
996
1521
1522
1523
1524
535
-1
1519
1520
1521
1522
1523
1524
1525
225
1520
974
208
209
1075
1076
46
47
1361
1311
319
1109
1069
1070
1022
38
1529
1528
1529
424
425
426
236
237
196
225
1069
1070
1067
974
1069
1070
1071
-1
1069
1070
1071
31
753
754
755
789
35
405
652
1504
960
567
960
961
1069
1070
1067
1068
755
771
772
558
559
431
432
433
434
187
994
382
714
472
473
475
753
754
561
966
967
-1
764
765
305
306
307
308
309
310
311
312
313
373
614
670
262
253
-1
-1
701
702
703
704
434
412
413
409
768
769
1000
313
314
315
316
317
118
174
448
461
462
654
1250
-1
1078
1079
1344
1345
1288
1217
1417
1099
1100
1101
1479
1480
1417
1461
1462
1004
509
510
1365
409
410
33
754
996
1520
1520
1520
1069
1070
754
1069
1
448
1068
1069
1067
1068
1069
1070
1504
1524
-1
994
995
1067
690
225
1067
690
225
1520
1067
654
47
1066
1067
323
685
755
756
205
643
644
995
1067
707
1441
224
225
226
335
336
1517
41
1457
1311
977
978
665
0
1
2
3
-1
1068
1069
1070
1070
1070
996
1520
1520
1520
1520
1520
1069
1070
754
996
754
754
1520
1520
1067
317
634
1068
1069
1070
996
754
1067
158
33
1520
996
996
996
754
996
1520
34
1068
1069
1070
1069
1072
960
260
261
262
263
225
1109
1110
19
20
225
1022
59
398
1068
1069
1070
1071
31
32
170
174
525
500
227
473
1125
1126
1127
41
513
226
227
26
27
225
1067
670
671
437
37
551
585
147
148
579
974
995
996
1067
745
174
175
447
26
1479
303
304
958
959
958
766
1479
418
419
751
766
767
768
769
770
771
772
721
618
995
452
453
1004
307
308
309
310
738
1039
125
126
737
738
471
472
1450
1249
572
1156
605
606
403
1465
1257
973
1200
972
973
1364
1365
105
1509
603
604
1227
1474
652
1267
1465
1302
1158
1438
1249
1250
1251
980
1311
1457
1344
100
101
935
936
937
938
939
940
837
935
936
937
837
738
934
935
936
937
938
101
868
566
78
557
933
934
66
67
869
870
930
931
932
933
934
935
96
97
934
935
-1
-1
682
683
684
652
653
995
974
974
975
701
702
703
690
300
301
302
303
1066
1067
635
453
1188
479
480
652
1009
207
958
959
960
974
960
147
974
974
1504
1068
1069
1070
1520
1507
1068
1519
1520
1521
225
561
1114
1115
225
1521
1522
1523
1524
1525
225
1521
1522
1523
1524
225
1071
225
561
535
536
513
511
512
513
995
996
480
481
482
483
484
1125
-1
-1
-1
-1
-1
-1
975
1007
974
1504
262
263
264
265
1000
1009
562
563
7
46
47
139
1100
489
1000
1000
958
959
701
773
1046
985
951
952
972
1068
1069
1022
249
765
766
265
266
267
5
431
751
-1
550
551
674
995
561
550
1501
1036
979
551
552
1507
436
437
438
491
694
672
270
1125
336
337
434
1026
1027
555
1359
196
197
1023
756
1061
222
223
541
240
-1
-1
-1
-1
-1
-1
1485
191
192
1312
238
716
343
430
431
1066
1067
144
257
258
259
260
358
444
44
45
994
388
174
25
969
392
393
394
1068
152
153
174
544
256
1026
1027
396
678
672
336
150
151
492
493
306
307
773
302
400
401
402
257
103
104
1362
215
1512
1513
1501
555
696
332
450
755
756
1055
1006
1007
955
956
957
1516
1517
750
751
752
148
111
51
39
177
1359
671
672
