632
633
634
635
636
637
638
639
640
641
642
643
644
645
646
647
648
649
650
651
652
653
641
642
643
644
645
646
647
648
649
650
651
1070
719
1011
975
941
990
289
290
291
292
293
294
295
296
297
441
772
773
1009
771
638
639
1021
776
1361
-1
-1
1162
1163
1090
1191
1192
1193
1150
1295
1296
1093
1244
1085
1243
1244
1177
507
1155
1251
1163
260
998
999
1071
485
494
1124
223
485
544
545
546
547
548
550
137
138
578
579
2
268
1336
1330
931
932
933
934
935
936
937
938
939
940
941
938
939
940
941
959
941
989
959
959
933
934
935
990
243
669
1021
1022
1023
1073
999
1000
1054
1055
1056
1057
1058
720
1009
-1
-1
-1
550
549
550
550
550
550
550
553
550
494
495
496
562
159
550
551
1057
758
955
986
987
988
989
938
990
681
1517
1062
988
769
47
48
1065
218
48
1017
780
557
940
941
941
-1
23
24
404
405
406
1513
169
170
123
182
183
755
1011
175
176
1471
1049
1050
761
357
1058
1059
1065
158
756
1013
1014
758
1242
1088
261
209
210
991
1072
1073
998
1359
434
933
-1
-1
1023
1024
1025
1026
555
27
28
1357
1325
518
27
926
604
605
1124
926
532
522
1285
118
119
550
550
551
561
12
13
254
998
999
1000
1024
1072
1112
1113
1114
495
668
669
712
7
-1
315
316
317
318
319
12
1485
1482
1010
997
961
1009
1010
479
1504
932
990
659
660
661
764
765
13
659
660
1517
245
773
1009
1482
200
1016
1018
388
389
390
391
392
393
394
363
364
1518
1499
1479
1508
1509
1009
767
480
770
1518
770
771
625
626
627
628
629
630
631
632
257
116
117
349
350
351
363
766
767
286
451
452
200
1017
201
1504
1505
1057
1058
557
975
-1
390
391
392
393
394
395
396
397
398
210
154
155
591
8
9
541
720
364
365
502
52
726
492
1121
1122
52
279
755
756
222
974
1505
1065
1066
1067
251
252
253
1068
1069
303
304
1518
1518
1518
1518
1518
1518
1518
1518
1518
1518
1518
1518
1518
1518
1518
1518
1518
1518
1518
1518
1518
1518
1518
1518
1518
1518
1518
1518
1518
1518
1518
1518
1518
1518
1518
1518
1518
1518
1518
1518
1518
-1
1063
1064
1065
1066
1067
989
990
408
409
410
411
412
413
414
251
1054
1055
1011
941
959
941
990
755
1011
940
941
957
958
959
938
939
940
941
940
1505
557
936
937
938
960
-1
-1
629
630
631
632
633
634
635
636
637
638
639
640
641
642
643
644
645
646
647
648
649
650
651
652
653
209
210
211
212
212
310
747
48
128
289
251
252
253
216
217
355
356
957
958
959
960
988
990
393
934
935
936
937
938
939
990
164
165
378
379
380
381
382
383
384
385
386
285
772
625
626
627
357
998
261
285
770
1479
-1
-1
-1
-1
-1
-1
1301
1302
1303
1390
715
716
717
1284
473
1199
1200
1201
1202
1203
1326
1327
271
983
1260
1422
1425
825
1287
1288
517
1194
1290
1291
1229
1267
1335
825
509
510
1279
1297
1339
1291
1191
1192
1336
-1
1014
1015
1016
1017
1018
1019
1020
129
398
325
1070
1050
1051
1052
1053
1054
128
254
997
998
245
246
714
1058
1059
1060
758
759
760
961
440
1019
1016
41
137
955
1046
1047
137
138
491
-1
1339
1340
1341
1342
473
1044
1444
1367
1368
517
565
986
987
1062
1063
1064
1112
926
514
268
1203
599
156
1071
1072
1073
1062
1063
1071
1025
1026
562
780
222
223
224
515
586
1194
269
1029
206
933
934
935
936
937
938
939
940
941
990
409
1011
1012
1089
1065
1066
1067
1068
1069
660
996
215
409
1008
1009
1009
1485
625
451
452
1518
708
766
1479
1448
-1
-1
-1
-1
-1
-1
-1
98
99
100
81
100
100
81
1285
98
99
100
100
100
99
100
81
99
100
81
100
99
100
100
99
100
81
100
99
100
99
100
99
100
81
99
1286
98
99
100
101
91
564
679
680
681
682
683
684
685
686
687
688
689
690
211
212
637
638
451
768
990
357
1000
718
680
996
761
762
763
1019
1063
1064
719
693
157
236
113
137
1044
1045
1102
1103
1015
1016
1362
814
1360
1361
1361
777
998
999
988
984
985
986
987
988
989
959
960
1011
1012
1062
761
762
785
201
202
781
782
783
768
769
770
1360
1361
933
934
935
936
937
938
769
116
117
302
303
304
305
306
307
308
309
310
311
312
313
314
315
989
990
312
313
319
173
174
640
641
642
643
644
645
646
647
648
649
650
651
652
653
181
219
825
-1
-1
-1
-1
631
632
633
634
635
636
637
774
1065
1066
1067
1068
1069
726
258
259
961
1482
766
767
364
365
123
759
491
200
553
156
157
158
1011
932
1505
1022
1023
710
711
285
1504
1505
761
-1
936
937
938
939
940
1012
1011
933
934
935
990
768
769
770
281
1014
557
936
937
938
939
1505
557
558
757
988
960
553
1058
1059
1060
1061
557
558
557
959
975
940
558
41
956
957
1518
1518
1518
1518
1518
1518
1518
1518
1518
1518
1518
1518
1518
1518
1518
1518
1518
1518
1518
1518
1518
1518
1518
1518
1518
1518
1518
1518
1518
1518
1518
1518
1518
1518
1518
1518
1518
1518
1518
1518
1518
1518
989
990
745
171
172
550
422
423
424
425
426
427
428
560
561
143
409
410
557
933
558
1088
255
256
996
988
989
1505
1055
1056
1057
222
1125
988
769
770
286
287
478
1011
935
936
