107
108
109
110
111
112
113
114
152
452
520
521
109
110
302
765
766
726
727
219
684
685
686
668
669
670
671
442
443
665
666
667
668
669
670
671
555
556
557
754
755
756
811
812
813
814
815
816
817
818
819
820
821
384
385
386
423
1043
1044
395
15
661
588
589
511
672
673
603
604
774
112
499
685
686
687
688
689
690
691
111
262
197
198
199
200
201
202
203
551
552
553
554
555
556
557
443
756
757
758
759
514
1084
544
545
546
547
548
549
550
551
552
553
554
555
556
557
686
727
759
751
752
753
754
755
756
757
758
759
778
779
106
-1
542
543
544
545
546
547
548
549
550
551
552
553
554
555
556
557
239
670
671
804
398
322
678
679
680
681
682
683
684
-1
19
20
21
22
23
24
550
551
552
553
554
555
556
557
197
198
199
200
201
202
203
554
555
556
557
677
678
679
680
681
139
140
141
142
143
144
145
146
540
174
175
457
458
668
669
670
671
677
678
679
680
681
682
683
684
685
686
442
443
443
719
720
721
722
723
724
725
726
727
563
564
565
184
185
759
670
671
766
441
442
443
552
553
554
555
556
557
720
180
181
0
1
2
3
4
5
6
7
8
9
10
473
474
475
381
473
474
475
8
9
10
439
468
189
190
285
286
287
148
-1
100
101
102
103
104
105
106
669
670
671
185
564
565
143
144
145
146
755
756
757
758
759
564
565
775
778
723
5
6
7
3
4
5
6
7
8
9
10
11
12
341
351
352
353
108
109
110
308
14
15
521
129
130
131
521
116
372
373
374
375
139
140
141
142
143
144
145
146
455
456
457
458
720
721
722
315
757
758
759
216
470
668
669
670
25
113
537
538
311
312
597
598
599
600
568
590
591
592
856
21
114
115
116
473
474
475
2
417
956
312
391
392
393
23
24
198
199
452
189
190
132
133
134
135
136
786
787
994
275
206
207
208
904
905
906
907
1073
1074
669
467
387
197
198
199
200
517
226
227
355
-1
556
557
558
703
501
502
503
237
176
177
178
122
463
213
554
555
220
332
211
779
83
453
492
408
409
172
502
221
239
-1
627
628
629
621
528
291
425
499
500
671
142
17
11
451
675
676
677
83
84
85
431
432
433
434
20
21
509
78
79
288
0
1
2
3
4
5
6
7
8
9
10
480
292
293
141
142
143
144
145
180
26
555
556
112
11
12
13
539
91
148
541
542
543
544
517
380
381
307
724
147
381
359
360
291
479
480
360
84
85
688
689
690
691
692
693
694
509
8
9
10
544
545
546
547
548
549
550
551
552
553
554
555
556
557
720
721
722
202
203
1051
713
714
554
555
556
557
563
564
565
455
572
573
574
575
576
577
578
579
559
560
561
584
573
574
575
576
577
578
579
575
576
580
78
581
560
703
704
970
580
-1
103
104
105
106
107
108
369
370
132
617
618
619
620
975
976
977
853
109
110
307
308
710
5
6
417
395
657
673
850
128
449
450
451
452
453
247
259
260
261
262
751
752
753
754
755
756
757
758
759
760
117
452
518
519
173
174
831
327
328
-1
8
9
10
11
12
13
14
15
230
231
232
521
498
151
9
10
409
709
710
429
430
431
432
433
711
687
688
689
690
691
440
441
442
443
444
445
164
165
166
276
277
445
446
680
220
221
668
669
670
671
457
458
459
448
449
450
451
202
240
241
6
7
8
9
10
11
12
13
14
969
145
146
106
666
667
668
669
670
671
668
669
670
671
759
760
761
141
142
143
41
