1060
75
687
688
689
690
691
692
693
694
401
806
801
691
692
693
373
978
1030
581
850
805
806
373
552
815
-1
690
691
362
743
738
581
817
798
578
945
946
898
866
867
-1
254
454
257
176
177
254
254
217
454
454
163
164
165
436
302
303
436
210
253
254
210
435
436
258
258
259
260
442
454
1051
18
23
537
0
11
537
35
35
45
35
0
35
18
35
11
12
537
35
35
11
537
18
45
45
28
11
35
23
537
26
819
820
828
828
817
818
898
534
966
1072
945
946
947
948
965
904
818
886
846
578
885
886
800
801
374
1026
1027
374
886
358
165
166
167
436
454
1059
22
23
23
11
35
45
145
146
147
177
520
500
118
728
387
23
181
182
18
19
20
18
693
172
11
12
129
475
181
552
98
552
553
552
670
714
1059
143
144
669
316
763
764
480
433
28
718
155
0
364
851
55
0
431
521
522
523
524
436
454
350
351
352
235
198
199
756
258
354
355
356
480
-1
771
772
454
210
258
259
1059
-1
29
30
236
718
1084
350
351
352
294
295
296
297
167
34
131
132
133
269
80
147
148
149
150
132
120
118
119
121
434
435
1089
535
412
374
375
35
36
37
433
288
288
162
82
83
84
85
85
288
433
433
288
88
33
102
45
11
12
88
42
339
473
431
432
44
45
573
941
942
851
699
798
726
727
28
29
816
817
943
828
574
336
828
574
431
816
817
818
382
702
809
841
918
944
713
32
33
711
712
485
291
722
725
178
179
473
288
288
11
12
84
85
33
128
129
537
26
162
11
12
761
-1
40
41
-1
258
306
307
35
36
-1
-1
-1
520
521
522
523
131
133
134
135
306
498
103
-1
565
393
-1
103
155
156
108
971
698
1059
136
137
460
461
462
195
1059
293
294
295
296
436
437
438
271
214
1059
754
755
517
518
684
685
686
453
454
273
274
436
23
11
537
28
35
26
162
26
23
45
162
162
45
11
162
26
26
23
11
0
537
35
35
11
162
11
12
11
12
537
552
359
360
152
552
692
436
185
552
339
552
152
153
242
885
692
40
156
157
158
111
112
1074
552
-1
71
552
111
112
113
719
720
80
150
537
712
713
445
446
686
35
36
236
268
249
249
466
200
335
90
240
241
90
442
-1
552
552
552
712
493
511
512
513
485
486
453
539
11
538
203
15
16
17
269
201
316
469
470
471
264
23
24
32
33
-1
-1
-1
-1
-1
-1
18
19
18
172
97
798
29
30
31
189
291
761
762
804
178
179
100
-1
-1
357
358
552
131
132
39
40
155
266
713
321
-1
-1
541
798
808
809
927
711
712
723
1020
401
362
362
798
362
856
-1
552
759
500
578
-1
52
53
45
11
45
28
45
143
144
684
456
516
517
454
143
144
669
670
671
722
712
696
143
80
258
454
454
454
454
1059
750
382
-1
-1
217
435
436
-1
784
785
334
872
873
937
1066
1014
1015
963
701
910
911
912
701
820
884
1034
873
325
1013
335
334
783
930
918
871
325
852
26
18
11
713
725
26
537
23
28
11
11
12
11
12
33
542
725
480
23
11
23
24
364
83
84
85
722
18
45
26
28
0
18
28
18
23
45
11
11
35
0
23
23
35
686
18
28
11
12
28
162
45
-1
-1
-1
-1
-1
-1
-1
-1
712
713
469
470
471
1059
254
359
363
937
938
940
362
873
324
872
873
788
788
788
789
918
747
748
748
748
748
754
706
707
69
70
71
535
664
665
666
381
382
811
1063
-1
689
690
691
373
829
690
691
45
863
881
192
192
418
687
688
689
690
691
