788
789
789
789
789
789
202
203
204
205
206
788
789
789
221
222
223
224
225
788
462
463
259
260
447
196
279
280
281
282
226
227
463
464
265
266
259
1060
267
268
259
260
173
174
175
293
524
116
117
108
109
141
208
223
201
551
200
209
342
554
718
719
519
520
521
478
443
473
474
142
723
-1
800
801
802
803
804
805
111
112
113
114
115
484
24
185
186
353
354
353
387
388
695
98
1023
34
35
395
399
400
382
41
542
543
443
444
261
263
264
265
201
143
721
143
260
281
282
451
452
453
221
454
1067
455
1066
1067
1067
1067
715
716
717
788
203
204
205
206
195
196
241
251
252
253
231
320
321
281
282
464
454
178
488
233
259
720
260
223
203
723
724
1084
274
165
163
164
542
543
544
456
203
684
143
495
96
259
260
203
754
34
200
201
668
669
670
671
683
684
723
724
725
726
1084
1085
667
668
669
670
204
201
684
685
204
205
206
275
276
454
1074
670
143
260
454
719
720
720
720
720
720
721
722
143
260
217
236
237
238
239
240
241
242
243
244
245
246
247
454
234
235
236
237
203
204
205
206
276
322
1067
1063
96
493
325
326
768
710
711
707
708
392
485
486
296
196
723
724
725
726
727
542
725
726
24
722
723
538
524
124
484
481
39
41
42
389
390
46
47
631
105
52
53
54
55
56
57
44
51
857
858
858
954
59
60
192
68
921
922
69
70
71
850
851
954
413
43
824
825
1033
719
720
260
912
913
962
963
742
143
936
937
938
194
195
259
495
496
405
726
186
1086
960
961
1058
861
995
1050
1065
1066
933
934
935
909
716
1032
1033
897
1025
1026
913
1050
1064
1066
1067
719
720
831
793
794
797
143
144
794
797
470
471
-1
807
808
929
423
192
911
912
1070
1071
366
736
370
966
960
961
892
855
57
58
955
979
1087
735
370
890
43
810
811
812
952
721
722
723
521
522
523
28
29
726
727
24
723
724
725
726
727
33
500
725
24
671
723
724
725
726
727
542
24
29
766
303
304
305
306
307
308
309
310
311
312
34
720
721
723
724
725
726
727
11
724
725
726
80
182
183
184
185
90
542
-1
383
384
385
232
734
502
503
504
131
82
83
10
387
721
722
550
687
312
730
339
804
805
806
134
135
688
689
28
687
797
104
105
106
107
313
890
891
891
890
157
158
695
660
9
10
11
313
890
157
514
720
831
505
506
405
480
33
404
358
-1
1082
1083
1084
1085
105
114
115
116
103
104
105
106
107
11
725
726
30
729
24
712
316
88
89
90
91
353
413
532
533
-1
1059
1060
1067
1067
1052
1051
1065
1066
1067
719
720
720
721
722
202
508
969
720
720
720
833
832
218
1066
1067
126
127
128
711
-1
67
68
680
48
49
50
526
527
47
48
617
58
59
60
953
954
67
858
859
70
71
71
44
69
70
953
954
75
76
-1
930
418
745
966
807
808
411
967
857
858
858
527
922
954
511
720
720
720
720
720
720
721
722
669
670
671
685
686
684
-1
131
132
260
215
17
478
263
290
291
292
293
498
184
696
712
707
233
297
308
28
143
260
315
316
284
306
307
113
155
716
22
23
24
706
707
708
113
24
185
496
79
80
788
793
370
371
490
491
39
534
535
922
852
70
71
526
527
922
535
852
327
328
329
330
331
332
333
163
164
97
667
668
669
670
29
24
25
503
141
459
315
723
485
484
485
486
487
488
489
389
784
785
786
904
768
769
770
941
889
745
1016
900
901
927
718
719
720
720
720
720
888
889
418
901
902
903
526
852
968
969
