761
762
763
764
762
763
764
755
764
764
762
763
764
762
763
764
755
764
763
764
755
762
763
764
763
764
762
763
764
-1
269
270
271
73
74
281
174
175
209
28
554
555
76
306
147
148
149
494
495
330
-1
746
155
153
92
317
318
317
386
504
467
384
8
134
113
114
66
379
590
235
167
-1
470
52
53
54
55
297
298
306
307
308
358
367
357
358
359
330
112
113
46
218
-1
191
192
193
194
748
554
554
378
379
87
173
174
175
188
128
129
497
470
114
678
-1
563
564
641
755
756
80
19
642
558
-1
277
278
75
75
17
185
186
504
559
268
269
297
572
715
668
75
492
277
278
279
76
77
18
513
80
298
13
14
112
4
272
-1
8
9
10
11
12
13
14
15
15
29
5
6
751
554
348
349
309
20
21
22
-1
8
9
10
11
12
13
14
15
12
13
7
8
9
10
11
26
66
554
385
386
-1
494
275
276
751
31
32
33
330
49
50
51
52
53
54
55
360
55
201
505
492
-1
713
487
488
489
715
658
659
715
590
738
615
616
642
30
703
492
492
41
42
394
-1
12
13
751
494
495
496
510
511
512
110
111
7
8
22
177
19
20
21
13
14
-1
56
554
359
360
361
486
276
277
524
481
590
590
591
648
490
590
246
247
590
199
238
696
693
629
625
695
624
642
642
369
599
487
487
623
646
678
356
263
590
592
487
492
2
205
206
317
181
182
183
184
166
167
146
147
494
495
196
197
554
555
76
298
-1
22
29
510
511
751
498
506
554
751
751
8
9
10
11
12
13
14
15
18
496
-1
679
679
679
679
380
679
642
368
369
586
704
650
642
620
590
569
537
637
694
695
-1
738
739
641
641
641
641
539
738
641
641
663
602
628
629
641
544
578
579
649
620
-1
736
737
746
747
484
557
641
252
642
617
618
589
706
641
598
276
595
216
353
624
487
383
384
224
498
499
751
337
338
339
254
180
181
181
65
99
100
180
503
504
479
353
362
363
364
177
268
269
82
83
20
81
82
83
360
330
379
680
257
554
558
492
270
546
92
693
487
519
581
702
571
554
715
716
717
489
721
255
256
260
675
353
586
704
479
60
751
3
4
5
497
751
56
751
49
50
51
52
53
54
55
277
54
55
751
310
311
104
510
497
273
103
104
11
12
13
751
17
18
19
56
50
51
52
53
-1
751
258
259
269
535
62
88
511
512
236
237
332
177
258
274
275
270
74
61
236
265
