683
684
685
693
687
688
258
350
118
715
687
562
498
377
378
259
213
214
677
284
285
119
120
121
295
263
264
285
263
-1
2
3
4
5
6
86
59
7
535
535
511
512
7
377
378
271
272
85
86
280
18
500
743
744
118
119
564
620
293
294
128
510
511
64
159
296
62
528
358
16
535
-1
138
139
140
141
142
308
28
78
79
80
81
63
512
513
132
59
213
214
85
81
-1
5
6
7
507
506
507
17
534
333
509
510
511
215
188
307
146
581
504
505
508
57
757
758
107
350
70
246
16
17
18
19
332
116
73
266
291
394
505
506
507
510
507
209
88
89
90
133
258
84
85
126
127
74
75
283
76
77
78
79
80
534
129
76
58
59
60
61
62
62
63
512
126
105
532
81
82
83
20
360
361
362
363
63
-1
76
77
78
79
80
59
60
76
81
376
535
495
496
85
86
25
78
91
509
510
535
76
77
78
79
80
534
563
513
78
79
80
81
82
329
534
17
78
81
82
83
278
148
554
394
315
316
317
100
466
467
468
469
470
383
384
385
469
470
479
383
384
138
358
359
360
361
259
79
80
81
82
83
84
273
509
510
511
81
350
497
498
17
132
307
308
309
104
229
154
107
114
143
147
148
319
143
319
146
147
148
141
142
143
500
79
80
81
82
83
357
69
273
6
7
377
378
379
358
359
360
361
57
273
199
200
506
507
508
108
109
110
128
129
394
505
506
507
535
535
508
493
138
107
108
-1
164
267
268
269
270
271
514
309
503
115
116
117
85
86
330
331
332
496
533
116
330
92
505
506
507
510
506
507
563
7
507
510
510
508
67
68
376
510
498
507
518
263
264
505
506
507
498
535
8
534
535
498
507
511
554
505
506
507
17
497
377
378
509
510
57
58
59
60
61
76
246
20
378
379
124
128
100
101
102
278
526
128
129
358
359
6
7
8
106
107
127
128
185
186
187
6
73
74
24
25
1
248
242
333
131
-1
355
356
357
358
359
394
555
363
102
63
533
273
90
91
92
142
115
116
117
112
-1
213
214
215
216
513
85
89
75
362
363
358
271
204
105
330
16
129
19
20
52
-1
627
628
599
659
660
722
522
523
543
398
394
507
262
263
264
285
491
623
624
648
-1
212
213
214
215
169
203
204
357
358
350
25
26
84
85
86
533
215
311
115
116
-1
547
548
725
741
137
138
100
494
495
126
21
581
582
505
741
581
679
182
183
394
90
