225
226
502
503
225
226
708
709
750
725
551
549
550
551
709
700
548
549
550
551
501
749
750
540
709
725
724
725
549
550
17
18
19
20
21
22
28
29
26
27
388
389
390
350
351
352
353
113
114
129
-1
546
547
548
549
550
551
725
502
502
503
504
505
506
507
563
564
561
194
195
196
-1
139
140
141
142
143
144
145
146
147
148
149
150
151
152
153
154
124
125
126
127
128
200
201
202
203
204
205
206
207
208
161
162
311
316
561
533
534
84
85
86
248
-1
319
320
321
322
323
324
325
326
327
280
281
534
155
156
157
158
159
160
161
367
-1
502
503
185
741
741
742
743
169
170
171
172
173
174
175
176
177
178
179
180
343
344
140
141
142
143
144
145
146
147
148
149
150
151
152
153
686
637
245
757
758
389
-1
478
479
480
481
482
483
484
485
486
24
25
327
328
329
15
563
274
104
238
239
-1
249
250
251
252
253
254
255
256
257
258
259
260
261
565
566
567
568
569
521
677
-1
38
39
40
41
42
43
44
418
419
446
447
448
449
411
412
449
35
435
446
447
448
202
203
204
205
338
339
107
185
186
386
387
348
321
78
79
80
224
8
9
10
-1
622
623
555
67
68
667
668
669
670
671
672
673
261
262
263
264
345
597
598
599
675
178
179
180
181
182
183
153
154
155
338
339
340
341
342
343
344
18
495
496
188
189
202
203
204
205
206
207
208
194
195
196
186
54
75
76
77
78
79
80
81
193
-1
166
167
168
169
170
171
172
173
174
175
176
177
178
179
180
11
12
13
14
482
483
532
533
534
535
536
537
538
88
686
696
88
89
90
9
10
11
12
13
14
190
-1
119
120
121
122
123
124
125
126
127
128
129
130
311
312
313
314
315
138
139
140
141
138
139
140
141
67
68
69
70
71
593
594
595
596
597
598
599
491
671
672
673
674
171
172
173
174
175
176
177
178
179
180
181
182
183
480
481
482
483
484
485
117
-1
502
741
502
741
742
222
502
502
704
705
706
707
708
709
551
549
550
502
226
724
-1
56
57
58
59
60
61
62
145
556
181
182
183
184
390
495
496
177
178
179
180
-1
51
52
53
54
55
56
148
149
150
378
379
8
356
52
434
50
51
47
50
364
-1
154
155
156
157
158
159
160
161
162
163
204
27
498
499
308
309
92
507
508
509
510
38
39
40
41
42
43
44
42
459
434
435
418
419
449
44
410
411
412
413
414
35
