560
561
562
563
564
565
566
567
440
441
375
376
571
585
603
426
368
565
566
567
421
570
440
441
561
562
563
564
565
610
572
440
441
420
421
390
458
492
493
368
374
375
610
501
572
573
677
678
679
680
679
680
687
589
590
591
592
593
-1
-1
552
552
552
552
552
552
553
552
553
552
553
554
552
553
554
552
552
552
552
552
553
536
536
22
23
24
25
536
552
553
554
555
556
533
534
241
501
502
552
232
552
553
630
631
632
633
634
635
627
555
597
660
635
636
637
638
639
640
637
638
639
640
638
639
640
635
636
637
638
639
640
602
685
686
687
688
689
501
625
530
531
532
626
-1
