-1
526
526
535
617
535
526
535
578
578
535
526
535
535
522
523
526
526
578
578
526
535
554
578
578
524
525
578
532
533
534
535
427
428
429
430
538
539
18
416
6
7
540
541
476
477
224
225
515
219
515
337
338
339
340
341
342
343
344
345
682
683
684
685
686
687
688
689
233
86
87
88
229
230
231
496
497
201
73
74
312
313
-1
482
483
366
68
69
70
433
201
677
648
649
471
194
684
685
686
687
387
-1
428
429
430
431
432
241
630
631
632
633
427
428
429
485
486
487
488
489
578
486
487
488
489
578
442
578
578
608
609
610
611
529
498
578
458
578
532
533
534
535
637
638
