-1
-1
-1
-1
-1
45
-1
-1
-1
-1
-1
-1
-1
165
-1
-1
-1
-1
-1
-1
-1
-1
-1
8
171
119
14
-1
-1
-1
-1
141
142
-1
-1
-1
-1
-1
97
153
-1
91
92
93
44
-1
-1
211
132
97
4
-1
64
65
-1
-1
133
152
60
207
140
141
142
-1
-1
-1
-1
-1
148
65
66
46
-1
-1
-1
94
-1
-1
140
141
142
157
65
66
-1
-1
125
-1
-1
-1
-1
-1
100
-1
-1
-1
222
-1
-1
-1
-1
-1
140
141
142
76
141
142
125
141
142
131
142
141
142
141
142
69
174
69
125
174
-1
205
140
141
142
174
-1
140
141
142
65
74
75
76
105
60
153
157
69
-1
124
125
140
141
142
125
142
157
157
142
157
142
-1
140
-1
-1
-1
-1
130
119
221
75
61
62
63
-1
-1
-1
205
97
163
164
133
74
75
76
76
-1
68
69
70
44
-1
-1
180
74
75
-1
-1
-1
93
94
-1
52
-1
216
132
-1
-1
34
35
163
43
151
167
-1
-1
97
61
-1
121
98
90
163
-1
97
97
42
-1
74
106
-1
151
-1
116
117
