182
183
93
94
95
96
224
225
226
93
96
93
96
106
115
117
77
116
135
117
84
85
147
184
173
174
35
36
37
38
77
95
111
112
113
114
12
13
14
15
16
17
183
173
174
92
226
227
159
160
161
162
115
121
172
173
174
141
-1
-1
194
195
196
197
198
199
200
201
202
203
204
205
206
207
208
209
210
211
212
213
214
215
216
217
218
219
220
221
183
186
187
188
189
190
191
192
193
194
195
196
197
198
75
76
77
78
73
139
171
128
129
93
94
95
135
117
134
135
129
139
139
77
78
79
106
77
78
115
116
121
134
135
136
136
136
136
136
93
94
121
122
123
138
-1
93
94
95
96
45
46
47
128
78
128
95
135
116
94
95
95
95
96
11
12
13
14
15
120
116
95
116
94
95
116
95
116
135
116
111
123
-1
-1
-1
-1
-1
-1
114
115
116
117
73
74
67
68
69
70
82
42
122
123
139
140
99
42
123
122
123
171
94
95
184
185
186
187
188
183
77
78
79
205
206
147
185
185
123
124
-1
-1
