92
93
94
95
96
131
101
92
93
94
95
131
101
101
134
135
174
146
147
148
156
156
109
110
110
104
184
185
94
95
96
115
116
117
173
174
167
96
78
79
131
72
91
92
131
101
101
114
115
116
136
176
65
100
101
101
72
128
141
-1
139
86
176
127
100
101
72
74
75
170
110
184
84
75
72
72
65
86
65
65
150
65
86
86
65
71
72
65
86
176
86
72
74
75
72
65
176
86
72
100
101
-1
156
157
153
176
72
127
128
109
131
101
75
153
84
120
115
150
176
72
72
71
72
127
71
72
127
65
86
72
127
100
101
72
72
65
127
65
60
61
127
150
74
75
150
127
176
150
176
127
72
176
71
72
86
176
127
176
71
72
65
127
176
60
61
150
72
150
74
75
61
84
72
86
72
74
75
158
97
98
63
72
91
92
93
94
180
181
182
183
184
185
183
157
61
181
182
183
184
185
157
75
134
135
157
101
134
135
116
84
101
101
62
63
72
66
157
72
65
62
63
72
65
66
117
147
148
131
