80
81
82
21
20
21
37
38
20
39
5
95
41
21
24
25
82
131
67
71
65
66
67
131
20
21
131
41
42
81
65
46
-1
0
1
85
66
67
120
2
119
21
35
36
37
38
21
118
119
67
25
41
83
48
123
21
21
61
65
66
67
65
66
67
120
95
37
38
-1
-1
74
53
59
125
49
53
125
51
46
90
71
71
49
125
126
15
51
126
9
10
11
12
13
99
44
45
14
15
16
95
101
-1
47
48
55
56
48
48
123
67
68
48
48
48
89
10
109
48
48
48
48
48
48
48
44
99
99
44
127
128
129
130
111
112
99
100
36
37
38
131
24
25
24
25
131
38
38
38
56
57
92
129
43
44
100
-1
35
36
37
38
36
37
