75
76
99
100
71
72
73
88
82
-1
-1
124
125
126
4
5
6
109
113
48
122
123
124
125
125
125
130
123
104
105
90
51
104
105
124
48
44
102
123
124
125
113
67
104
130
59
100
130
126
81
82
99
100
128
59
60
100
100
82
59
118
43
59
60
100
96
96
55
92
-1
126
137
68
22
23
24
25
26
81
82
60
75
99
156
39
40
75
99
100
-1
104
-1
133
134
24
-1
-1
141
60
19
145
-1
-1
-1
103
-1
-1
-1
66
67
96
-1
96
126
75
75
99
100
59
60
60
60
99
100
66
67
96
-1
-1
-1
75
76
96
97
99
68
126
75
-1
-1
57
58
-1
68
69
122
-1
81
-1
96
59
60
127
-1
102
95
126
-1
96
126
126
127
