32
33
34
35
36
44
54
55
56
56
84
36
57
130
131
105
22
23
24
12
102
103
109
13
14
15
16
17
17
93
94
135
136
137
138
139
140
141
142
143
144
145
36
37
38
39
40
41
67
68
68
38
39
40
41
56
131
38
105
67
68
28
89
112
68
28
41
35
36
37
38
21
36
37
38
39
40
41
2
19
20
21
22
125
104
103
14
15
16
17
6
7
8
9
10
11
38
39
129
145
146
147
10
11
12
13
14
15
16
17
45
46
32
160
161
109
154
155
156
157
158
159
160
161
5
6
40
101
109
94
45
46
28
29
30
70
71
72
9
10
155
156
157
158
159
160
161
137
138
139
140
141
142
143
144
145
146
147
148
149
95
19
