203
203
203
203
203
78
203
203
203
203
203
203
203
203
203
203
112
78
8
112
203
203
203
203
224
112
112
112
112
112
112
103
203
203
224
112
224
112
112
8
240
134
78
8
112
112
78
78
134
112
240
8
202
78
203
203
203
203
8
8
8
103
78
8
78
78
78
203
203
78
78
203
203
112
112
112
203
78
78
78
203
134
134
240
203
203
240
78
78
103
240
134
202
240
134
134
78
78
203
103
103
8
240
103
103
103
103
103
103
103
103
103
8
103
8
103
78
78
78
103
103
240
240
8
240
103
103
103
240
103
103
103
103
103
103
134
103
103
103
103
240
