595
74
75
76
77
64
77
116
76
77
64
116
77
75
76
77
64
116
116
116
116
64
75
76
77
64
116
76
77
64
75
76
77
116
116
77
76
77
76
123
388
389
390
122
123
122
75
377
74
75
76
77
494
495
496
497
63
64
144
-1
20
21
22
23
199
194
321
48
31
32
33
34
20
355
379
380
381
382
383
384
385
355
356
223
224
416
385
386
387
388
389
585
191
129
723
724
725
726
361
487
488
-1
702
703
423
424
621
270
271
12
13
8
623
624
696
697
620
271
602
623
698
623
179
12
13
349
270
271
634
192
193
621
148
218
219
620
594
595
596
620
621
624
621
146
