717
718
719
720
721
722
723
724
725
726
727
728
538
539
540
541
542
543
356
355
356
497
498
499
543
497
498
550
551
479
722
535
536
537
633
20
647
648
649
647
648
375
376
556
557
558
547
548
479
641
642
642
-1
543
544
112
544
545
-1
-1
665
666
223
654
245
654
655
682
684
39
278
682
683
684
-1
-1
711
712
713
247
276
247
417
711
712
713
713
713
605
449
361
486
487
488
299
300
247
648
485
486
487
449
7
8
6
399
-1
705
706
707
-1
-1
271
272
705
706
707
703
704
-1
479
603
435
436
437
693
616
694
438
704
705
706
-1
-1
479
706
479
633
619
636
-1
623
206
207
