322
323
324
325
326
327
328
329
330
331
332
333
334
335
336
337
338
339
340
555
556
557
558
559
329
330
331
332
333
334
335
336
337
338
339
340
390
391
392
393
394
395
290
291
292
293
294
295
296
395
338
339
340
291
292
293
294
295
296
-1
670
671
672
673
674
118
514
185
186
187
672
673
674
675
243
244
248
135
413
414
415
248
249
46
398
172
164
105
243
244
245
246
31
111
488
489
490
28
29
446
22
-1
690
691
692
693
694
692
693
694
693
694
694
547
692
78
79
80
81
82
559
394
395
340
293
294
295
83
437
437
78
543
544
197
198
199
323
324
325
326
543
542
543
544
