405
406
405
406
407
217
407
408
409
410
53
662
404
405
691
712
445
713
714
411
412
406
407
408
406
407
408
409
370
250
251
252
323
518
638
62
63
167
108
204
648
649
46
239
93
411
32
217
410
411
412
413
414
415
416
417
110
111
112
-1
438
439
186
189
313
314
189
73
74
103
340
302
303
179
299
111
438
439
439
176
329
438
186
189
189
197
198
199
367
441
442
443
444
713
714
432
433
434
406
407
408
409
399
400
547
345
346
254
94
518
519
352
353
171
519
190
335
217
368
60
521
522
60
377
162
163
217
335
357
358
254
662
712
663
662
615
616
617
618
87
171
9
-1
-1
