191
292
293
294
295
280
281
401
258
259
695
696
697
698
706
403
167
168
169
323
695
696
697
698
697
699
700
354
406
407
408
695
696
697
698
408
409
696
392
393
394
395
438
307
308
309
310
311
197
441
442
443
406
236
237
238
239
72
120
-1
711
712
713
714
444
405
164
703
704
705
706
706
696
697
698
401
402
408
406
407
408
702
703
443
704
703
709
710
711
712
421
422
704
705
706
408
409
410
411
412
700
-1
60
61
62
63
279
107
125
126
127
189
396
62
312
400
401
402
403
166
167
168
169
184
184
120
120
24
124
125
159
160
161
304
305
396
397
415
416
417
402
403
306
307
