131
165
186
187
540
406
407
408
409
265
265
406
407
446
407
711
691
691
419
420
421
444
445
163
691
629
317
163
443
122
443
444
445
446
441
442
443
425
405
421
422
423
265
445
45
-1
-1
-1
292
540
639
640
-1
348
349
226
540
540
529
-1
457
458
459
460
54
625
562
559
560
561
457
611
625
402
27
660
609
610
463
537
265
269
205
38
39
33
224
225
540
568
-1
207
540
541
442
443
486
265
265
265
280
281
265
85
382
205
496
443
443
265
376
503
638
639
640
376
376
61
376
529
85
644
645
205
200
201
638
526
527
540
541
36
-1
61
540
376
366
126
376
543
207
381
545
-1
