5
5
5
5
5
5
5
5
5
5
5
5
203
203
203
203
203
203
203
203
203
203
203
203
203
203
203
112
112
183
5
112
112
112
153
78
5
78
78
5
78
203
224
78
78
78
203
203
183
57
57
57
147
203
41
115
41
104
212
212
30
164
164
164
224
164
164
57
164
164
119
164
147
25
228
119
119
119
119
119
228
228
119
119
119
119
119
119
119
119
119
103
119
119
119
78
119
119
119
119
105
240
69
240
234
153
153
153
234
234
240
86
153
153
153
156
114
234
183
153
112
203
203
114
114
203
240
114
153
153
234
234
183
153
183
153
151
71
174
151
70
240
