111
115
29
30
31
30
31
31
110
125
63
31
38
39
110
38
39
40
39
110
124
124
124
124
124
124
124
125
103
110
124
125
62
110
124
124
124
125
110
124
124
116
123
124
124
124
124
124
124
101
59
123
124
124
124
124
124
124
124
-1
123
124
77
76
124
124
124
125
110
124
101
123
124
124
124
125
103
110
124
125
110
124
124
124
124
124
124
124
124
124
124
125
25
45
46
76
101
102
25
68
-1
-1
111
111
111
111
111
111
115
111
39
40
41
43
4
128
28
127
43
31
31
110
124
124
124
124
124
124
124
46
24
38
16
125
62
110
125
25
123
124
124
101
40
41
