99
100
101
77
78
79
80
81
70
71
92
80
81
82
104
105
118
119
119
130
3
32
33
34
33
108
108
124
100
93
66
130
131
81
15
118
119
120
56
108
118
119
130
131
118
119
120
118
60
61
62
120
121
50
51
52
53
54
55
134
118
119
119
119
119
119
120
118
119
119
119
119
119
119
119
119
119
119
119
130
129
130
118
119
119
119
119
119
119
119
119
119
119
119
119
119
119
119
15
5
-1
-1
55
56
103
41
137
138
139
140
118
119
119
120
121
33
108
85
86
93
41
116
41
15
16
17
18
19
118
119
119
119
120
121
118
119
120
121
118
119
119
115
-1
-1
