9
9
47
9
9
9
9
47
9
39
32
32
32
32
32
32
32
32
32
32
32
32
32
32
32
32
32
32
32
32
32
32
32
32
32
40
32
32
32
32
32
32
32
40
40
32
40
40
23
40
40
1
1
9
35
32
32
17
35
17
17
17
17
17
17
17
17
17
35
35
23
40
1
55
55
55
55
40
40
39
39
39
39
40
32
32
39
39
32
55
55
55
55
23
39
47
47
47
9
17
17
17
17
56
17
17
35
54
17
55
55
55
55
55
40
40
40
40
40
40
40
39
40
40
40
32
32
32
40
40
40
1
55
55
55
40
55
55
40
55
40
40
40
40
32
32
32
32
32
32
32
40
32
32
32
32
40
32
32
40
40
32
32
32
32
32
40
40
32
32
32
32
32
32
32
32
32
32
55
55
55
32
32
32
32
32
32
32
32
32
32
32
32
32
32
32
32
32
32
32
32
32
40
39
32
32
32
32
32
32
32
32
32
32
32
32
32
32
32
32
32
39
39
40
40
