180
180
105
109
109
109
109
109
109
109
240
228
103
119
164
103
119
119
103
119
103
119
119
119
103
103
119
119
119
103
103
103
103
103
103
103
119
119
103
103
103
103
103
119
119
103
103
103
103
103
240
30
228
103
103
103
103
103
119
240
119
119
164
228
164
103
103
103
103
240
112
103
119
164
119
119
103
119
119
109
109
109
170
240
170
240
240
109
228
8
228
164
119
119
103
103
103
103
103
103
119
119
119
119
8
119
119
119
119
103
119
119
103
103
103
103
86
30
103
103
103
112
109
103
103
103
119
103
103
103
103
103
103
240
103
240
75
8
103
228
119
103
103
103
119
119
112
119
119
119
119
240
119
103
103
103
103
103
103
103
119
119
103
228
103
103
8
119
119
119
119
119
240
119
228
119
119
119
103
103
240
240
109
119
119
119
119
119
119
119
164
119
119
119
119
119
103
112
112
119
119
119
119
119
119
119
119
119
119
119
119
119
119
119
119
119
119
119
119
119
119
119
119
119
164
