134
135
135
135
135
135
135
135
135
135
135
135
135
135
135
135
135
135
135
135
135
135
135
135
135
135
135
135
135
135
135
135
135
135
135
135
135
135
135
135
135
135
135
135
135
135
135
135
135
135
129
134
135
135
135
135
135
135
-1
-1
134
135
135
135
135
135
135
135
135
135
135
135
135
135
135
135
135
135
135
135
135
135
135
135
135
135
135
135
135
135
135
135
135
135
135
135
-1
-1
-1
-1
-1
-1
136
137
138
141
137
138
138
141
141
141
137
138
138
141
141
141
138
137
138
137
138
137
138
137
138
137
138
137
138
141
137
138
137
138
141
138
137
138
137
138
138
138
