134
135
135
135
135
135
135
135
135
135
135
135
140
134
135
138
134
135
135
135
135
135
135
138
134
135
135
142
134
140
134
135
132
133
134
135
135
135
135
135
135
135
140
134
135
135
135
135
135
135
135
135
135
135
135
135
141
142
143
-1
139
140
134
135
135
135
135
135
135
135
138
134
135
135
135
135
135
135
135
135
135
135
135
135
135
135
135
136
134
141
142
134
135
135
135
135
135
135
135
139
134
135
134
135
141
142
134
141
135
140
134
135
135
142
134
135
135
142
134
135
141
142
134
135
135
135
135
135
135
135
135
135
135
135
135
135
135
135
135
135
135
139
134
135
