133
134
135
136
137
135
136
137
138
139
133
134
135
136
137
138
133
134
135
136
137
136
137
135
136
137
136
137
136
137
137
135
136
137
138
133
134
135
136
137
131
132
133
134
135
138
133
134
131
137
138
139
139
139
139
139
133
138
133
-1
140
141
142
142
142
141
142
142
141
142
141
142
142
141
142
141
142
142
142
142
141
142
141
142
141
142
131
140
141
142
142
141
142
138
139
139
139
140
141
142
56
112
137
138
133
131
132
139
139
139
133
134
135
136
137
136
137
136
137
138
139
139
133
134
135
136
137
134
135
136
137
136
137
136
137
136
137
134
135
136
137
136
137
134
