13
13
10
10
10
10
10
10
10
10
10
10
10
10
10
9
9
10
10
10
9
10
10
10
10
10
10
10
10
10
10
10
10
10
10
10
10
10
10
10
10
10
10
10
10
9
10
10
10
10
9
10
10
10
10
10
10
10
10
10
10
10
3
3
3
3
3
3
3
10
10
3
3
3
3
10
10
10
3
9
9
9
3
9
9
9
10
9
9
10
10
9
9
9
9
10
10
9
9
9
9
9
9
9
9
9
10
10
3
3
3
10
9
10
9
9
9
9
9
9
9
3
3
3
3
3
3
9
9
9
9
9
3
3
3
3
3
3
3
14
14
3
3
3
3
3
3
10
10
10
10
10
10
10
3
3
3
3
3
3
3
10
10
10
10
10
3
10
10
9
10
10
9
10
10
3
10
10
10
10
9
9
3
3
3
3
3
3
3
3
3
3
3
3
3
3
3
3
3
3
3
3
3
3
3
3
3
3
3
3
3
3
3
3
3
3
3
3
3
3
3
3
13
