224
224
224
134
15
220
184
164
164
15
184
101
136
164
164
164
164
164
119
119
119
119
119
119
119
119
119
119
119
119
119
119
119
119
119
119
119
164
119
119
119
119
119
119
119
119
119
119
119
119
119
119
119
119
119
119
119
119
164
15
53
15
15
15
160
160
136
240
220
15
15
15
15
101
7
160
15
15
160
15
15
15
184
53
184
136
30
224
224
224
224
203
112
112
101
119
119
119
7
69
164
119
119
119
119
119
119
164
119
119
119
119
119
119
119
119
119
119
119
119
119
119
119
119
119
119
119
119
119
119
119
119
119
119
119
119
119
119
119
119
119
78
119
112
164
119
78
78
78
8
203
78
78
240
112
228
112
78
78
78
30
78
78
203
112
112
112
119
203
78
119
119
78
119
119
119
119
8
8
8
203
119
119
119
119
119
164
164
164
119
119
119
119
119
119
164
164
164
119
119
119
119
78
119
119
119
119
119
164
119
119
228
8
119
119
119
119
119
119
164
119
119
8
