32
32
55
40
32
32
40
32
32
32
32
32
32
32
32
32
32
32
40
40
40
55
21
10
10
10
18
40
40
40
40
55
55
18
18
18
18
18
18
18
10
10
18
18
23
21
55
55
55
10
18
40
40
40
40
32
32
21
55
21
10
10
10
10
10
10
18
10
9
10
10
10
10
9
39
39
39
40
40
40
40
40
40
32
32
32
32
40
40
21
21
21
21
21
21
21
21
39
39
39
32
32
24
35
18
35
35
35
35
35
35
35
35
35
35
35
35
35
35
35
24
24
24
24
24
55
35
40
24
24
40
40
39
39
32
40
40
40
40
40
40
40
39
32
32
32
32
32
32
32
32
32
32
32
32
32
40
32
32
40
32
32
32
32
32
32
40
40
32
21
21
21
55
10
10
10
9
21
55
36
36
36
36
36
18
54
54
35
35
35
36
36
54
36
36
36
36
24
36
36
54
36
36
35
36
36
54
35
36
24
35
35
35
35
24
35
35
8
10
22
