180
34
225
180
150
180
8
185
172
241
104
180
34
34
8
34
34
180
241
180
4
97
97
97
97
180
113
97
180
180
150
180
150
4
180
4
180
97
97
241
180
180
4
180
180
225
180
180
4
225
180
4
4
4
4
4
180
4
225
97
172
4
225
4
180
4
212
212
225
4
172
180
34
34
104
180
180
180
180
34
34
34
8
150
8
34
8
34
4
150
34
34
180
97
8
8
113
180
104
8
180
180
97
97
97
180
97
97
104
241
150
180
180
180
180
97
185
180
180
180
180
212
180
97
212
225
8
8
8
8
235
61
180
4
180
180
104
104
104
180
180
180
180
150
180
180
150
150
8
113
8
180
113
113
34
34
180
185
103
4
113
113
