388
389
390
391
392
393
394
395
396
572
273
508
508
508
212
212
212
508
508
212
508
212
508
508
508
508
212
212
521
522
212
274
446
506
308
308
506
519
527
446
446
112
190
613
625
538
84
496
506
40
40
40
-1
40
437
84
125
437
496
491
58
59
60
281
224
225
610
295
296
617
42
43
42
43
32
59
272
615
616
617
522
523
572
594
414
415
416
417
418
609
112
407
408
409
410
411
412
413
414
342
-1
-1
392
393
394
395
396
397
398
399
572
33
34
35
122
347
23
24
25
26
226
227
228
229
380
381
382
383
384
490
212
212
212
213
214
244
125
519
506
-1
-1
-1
-1
-1
