459
460
461
462
463
464
443
526
452
359
440
441
442
443
460
461
462
463
464
550
551
552
553
550
551
552
553
267
268
62
62
251
252
439
440
441
442
443
441
442
443
535
536
537
440
441
442
443
359
461
462
463
464
536
537
463
464
462
463
-1
438
439
440
441
442
443
318
319
442
443
418
136
137
463
464
208
209
210
210
518
324
325
136
137
174
552
553
318
319
526
62
288
242
440
441
442
443
442
443
463
-1
-1
513
514
515
516
517
518
517
518
91
516
517
518
359
267
268
209
210
464
145
359
537
441
442
443
439
440
441
442
443
288
462
463
123
459
460
461
462
463
464
558
318
319
