48
31
596
597
598
599
12
13
52
35
36
12
610
610
610
12
12
13
533
534
127
12
623
610
37
12
623
610
12
610
610
12
623
610
12
13
593
37
37
485
610
12
36
37
50
593
623
32
623
36
37
37
37
37
37
610
623
37
610
-1
561
562
563
-1
375
40
28
41
41
629
36
37
37
78
36
37
37
50
51
12
13
12
12
13
14
15
12
272
273
274
626
448
449
295
296
272
524
525
526
324
325
-1
193
193
380
381
382
383
384
193
193
155
156
12
13
243
278
603
604
605
436
437
486
193
395
396
533
472
40
375
244
236
560
561
395
395
561
395
562
561
27
277
278
562
