25
57
112
164
112
57
57
57
119
119
119
119
119
119
119
119
119
119
119
119
119
119
119
119
119
119
119
119
119
119
119
119
119
119
119
119
119
119
119
119
119
119
119
119
119
119
119
119
119
119
119
119
119
119
119
119
119
119
164
119
119
119
119
119
119
119
119
119
119
119
119
119
119
119
119
119
119
119
119
164
119
119
119
119
119
119
119
119
119
119
119
119
119
119
78
119
119
119
240
240
112
5
5
224
224
224
55
57
203
203
203
203
203
57
203
203
203
203
203
203
203
203
203
203
5
203
203
203
203
203
203
203
224
203
112
240
134
5
134
188
188
