498
499
500
501
502
503
212
213
1084
1085
1086
1087
238
213
214
215
216
267
360
390
239
379
1044
952
363
364
355
363
1028
637
638
223
224
225
213
214
215
216
217
218
219
220
1045
1035
1036
1104
392
305
306
179
180
181
182
183
184
1105
654
305
223
224
110
111
112
113
114
115
116
117
118
119
926
-1
97
98
76
97
98
1017
119
98
994
141
98
453
99
100
65
66
67
972
1050
1051
397
398
399
97
493
66
67
68
69
-1
800
801
802
682
683
684
685
846
847
890
891
1095
223
224
719
720
574
718
553
553
553
224
554
552
554
222
223
719
712
893
567
223
224
632
579
580
816
718
719
720
895
-1
