4
5
6
7
8
9
10
11
12
13
14
15
16
17
18
19
20
21
22
23
24
25
26
27
28
29
30
31
32
33
34
35
36
37
38
39
40
41
42
43
44
45
46
47
48
49
50
51
52
53
54
55
56
466
-1
-1
-1
-1
-1
-1
319
320
321
322
323
324
325
360
503
359
360
193
146
147
147
145
146
147
193
320
321
322
323
324
325
503
323
324
325
672
147
325
952
667
754
217
218
359
360
715
509
358
212
213
214
215
216
217
218
789
835
360
146
147
503
324
325
360
672
672
218
216
217
218
324
325
214
215
836
788
508
863
864
865
892
658
888
658
146
147
216
217
218
216
