240
241
242
243
244
245
246
247
56
57
1094
339
290
291
292
280
245
246
375
750
963
964
965
627
694
657
658
648
649
1049
1099
25
542
543
649
208
209
1082
1083
200
1060
1061
1082
1083
685
686
1051
1058
1052
224
210
4
5
382
1048
1049
1056
53
1051
-1
750
906
1087
522
519
519
892
689
552
553
552
549
609
821
750
524
521
521
520
820
559
609
561
796
797
799
772
806
559
609
847
575
546
552
679
565
546
519
792
890
308
597
181
289
290
291
292
293
294
501
502
357
241
284
294
295
296
297
298
284
206
33
280
281
282
283
296
287
1051
264
265
238
239
240
241
375
193
291
292
293
294
295
296
297
