86
112
112
224
112
112
240
235
112
112
112
57
57
224
112
112
112
240
112
112
112
103
103
78
103
119
78
78
119
78
78
78
78
78
78
78
78
78
78
103
103
109
240
112
103
103
103
103
103
103
134
134
240
8
103
78
112
240
240
240
78
119
119
119
78
103
103
103
103
103
103
103
103
103
103
103
103
103
240
103
103
103
103
103
103
103
103
240
103
103
103
134
55
78
103
103
103
112
134
103
103
103
119
119
103
119
119
119
78
103
103
103
119
103
134
240
86
57
86
240
180
240
240
75
105
105
75
228
119
119
119
119
119
119
119
119
119
119
119
119
103
78
119
