124
125
125
125
125
125
125
80
20
122
123
114
139
81
82
0
1
1
2
3
95
3
88
48
52
90
113
46
47
48
67
139
139
35
140
141
136
137
125
125
125
34
35
36
79
121
111
112
114
48
49
140
141
125
125
125
102
13
127
-1
124
125
138
47
48
100
115
115
141
142
32
126
89
140
85
86
87
88
37
70
130
131
132
91
119
119
102
102
142
143
7
-1
140
141
125
125
136
34
92
85
14
-1
0
1
112
113
114
16
125
83
84
125
125
125
102
116
124
125
125
109
110
111
67
126
15
104
37
38
122
123
19
20
1
110
111
112
113
112
113
112
51
90
1
48
