193
194
195
196
197
198
199
200
201
43
188
189
190
191
188
189
190
191
43
149
199
200
201
198
199
200
201
207
188
189
190
191
886
73
201
187
188
189
190
191
73
191
191
187
188
189
190
191
199
200
201
211
103
104
144
145
207
198
199
200
44
45
46
47
48
49
50
51
52
546
727
191
192
193
1
2
492
1090
1014
1015
1016
1017
344
813
814
815
817
558
559
264
265
266
335
336
337
338
594
569
965
1064
352
-1
193
194
195
196
197
198
199
200
201
190
191
73
149
134
135
188
189
1074
193
194
371
370
371
372
515
72
73
73
198
199
200
19
188
189
190
191
211
103
877
183
849
-1
