117
118
119
120
50
349
350
351
352
352
77
349
350
351
352
120
120
227
352
352
352
351
352
227
351
352
350
79
80
81
82
83
226
50
349
350
351
352
336
337
338
339
340
341
342
343
118
338
339
340
341
342
400
78
79
352
353
139
-1
-1
643
644
645
646
647
817
334
1083
1084
1085
1086
1087
1088
1089
1090
648
534
535
39
190
1022
1023
520
521
522
523
372
716
527
528
529
841
842
843
606
486
401
394
395
486
20
-1
138
139
140
141
142
143
144
145
146
147
148
88
261
262
16
206
29
30
31
45
46
344
1014
458
899
900
901
902
136
4
5
6
7
40
41
16
140
141
142
113
33
99
