131
132
362
363
364
365
366
367
368
369
370
371
372
373
28
721
147
76
77
78
79
192
193
757
873
696
114
115
336
337
338
339
340
341
342
343
344
345
346
347
1037
74
1103
345
346
347
514
515
492
450
451
469
892
520
705
242
210
211
-1
-1
307
308
85
88
89
311
312
1067
1068
897
158
1055
602
850
152
153
154
155
156
157
158
35
157
158
154
155
156
157
158
1067
1004
358
207
208
209
210
211
212
128
129
243
184
37
344
345
346
347
348
333
56
868
869
113
339
340
341
513
514
87
332
849
125
1101
838
514
374
349
350
351
362
520
348
349
521
353
365
366
367
368
369
370
371
372
-1
