0
1
2
3
4
5
6
290
257
289
126
127
128
180
181
56
56
305
306
0
0
1
56
56
56
0
1
2
56
0
56
57
58
0
0
0
56
0
56
56
0
56
0
0
56
0
1
2
3
4
5
6
27
0
0
1
2
70
111
289
107
56
159
160
98
79
254
254
254
255
60
206
207
285
254
254
255
256
257
233
112
104
185
192
187
188
293
294
295
296
297
298
299
300
301
285
286
287
289
19
167
-1
137
138
139
140
257
0
56
102
103
104
105
104
69
70
71
291
89
40
86
201
202
86
87
88
125
93
79
78
49
50
180
181
182
114
115
116
230
29
104
105
0
56
177
178
179
180
181
8
9
10
11
176
177
254
254
254
254
254
254
19
20
21
254
27
28
29
30
284
14
15
30
11
254
254
254
254
255
181
179
8
9
10
11
-1
28
29
0
1
2
0
1
0
0
56
56
57
56
159
160
97
206
76
77
206
56
56
0
0
27
28
254
56
256
257
254
292
293
294
295
113
230
-1
-1
-1
-1
-1
