231
232
233
234
235
236
289
290
291
292
293
294
295
296
297
298
299
300
301
302
303
304
305
306
307
308
309
310
311
12
13
14
15
16
88
89
36
37
38
51
52
53
49
50
51
52
53
295
296
297
298
299
300
301
302
303
304
305
306
-1
283
284
285
286
287
288
289
290
291
292
293
294
295
296
297
298
299
300
301
302
303
304
305
306
307
308
309
310
311
12
13
93
94
33
-1
137
-1
305
306
307
308
-1
49
50
51
52
-1
294
295
-1
230
231
232
-1
105
106
232
233
-1
300
-1
-1
222
223
224
225
224
225
-1
72
73
29
-1
-1
110
111
-1
-1
-1
-1
-1
-1
254
255
283
284
285
286
287
288
289
290
291
292
293
294
295
296
297
298
299
300
301
302
303
304
305
306
307
308
309
310
311
255
256
236
28
29
30
31
295
296
297
298
299
-1
27
28
29
30
31
32
33
34
35
36
37
38
234
235
236
82
83
12
13
14
15
16
311
235
236
79
80
81
82
83
236
233
234
235
236
310
77
-1
58
59
60
61
