56
48
49
32
134
135
97
95
97
100
97
98
181
92
93
94
67
30
56
97
204
64
65
66
240
215
74
75
64
175
176
177
178
165
201
4
5
6
7
8
9
77
94
65
100
287
10
11
12
16
17
77
100
24
33
97
98
99
81
-1
311
286
240
241
263
65
66
67
64
65
66
94
61
37
256
63
64
304
305
306
307
308
309
310
92
201
202
111
86
87
88
180
49
32
97
98
95
34
93
94
95
201
73
112
113
114
92
113
114
265
96
97
98
95
285
286
287
99
100
215
240
235
9
10
11
285
286
258
20
264
277
95
96
97
98
239
240
277
73
201
202
239
-1
-1
137
239
233
201
180
287
309
34
72
73
163
64
65
66
67
113
77
100
181
95
96
97
206
207
257
132
41
42
234
235
284
285
288
111
64
65
41
93
94
95
178
-1
111
111
28
111
56
56
163
164
165
31
164
165
31
164
165
166
97
56
207
18
86
87
93
163
164
165
165
201
86
101
-1
38
51
52
46
-1
244
208
209
40
79
-1
