114
115
116
128
129
73
36
0
1
2
3
56
24
25
22
22
23
24
25
26
24
76
77
35
24
74
165
205
206
183
174
154
74
-1
171
162
179
72
112
60
113
114
16
17
18
19
77
78
220
221
87
88
89
90
71
75
76
21
57
20
21
22
1
19
20
-1
151
152
153
191
62
63
83
84
85
86
87
88
89
90
91
92
93
-1
42
43
44
155
-1
42
43
-1
71
72
57
-1
8
-1
25
26
81
82
113
114
16
17
18
56
73
129
25
54
55
93
94
95
43
26
100
207
208
56
42
3
207
208
209
220
221
-1
70
71
209
210
211
212
213
34
117
213
78
218
219
213
211
128
209
210
211
212
213
210
128
209
210
211
212
213
213
219
210
211
