72
208
209
128
128
147
71
128
39
40
41
37
71
23
128
39
40
6
7
123
123
124
98
7
123
123
202
35
23
122
21
6
7
7
8
213
51
181
182
156
23
7
64
65
66
55
66
67
68
69
70
91
92
93
201
204
80
204
31
113
216
217
163
186
84
85
192
203
204
200
201
169
152
24
25
26
113
11
218
144
145
146
80
81
41
122
123
123
109
44
155
156
113
113
113
22
23
63
64
149
-1
-1
29
30
221
41
197
53
196
44
150
151
85
21
22
23
13
23
62
52
53
99
11
109
207
208
39
198
168
28
43
-1
21
29
30
37
22
23
22
23
23
118
21
22
23
13
21
22
23
22
23
22
115
116
117
21
22
23
23
23
22
23
