174
175
176
177
178
162
157
118
19
114
121
146
147
78
114
95
96
37
59
215
42
43
87
115
116
117
128
129
207
9
10
11
10
11
109
110
111
112
113
109
110
22
101
102
103
104
105
106
104
105
106
140
141
142
104
105
106
106
150
151
133
134
135
136
150
151
133
134
135
136
136
135
137
138
138
138
138
195
196
197
221
137
138
138
138
138
138
220
221
161
162
182
183
159
160
20
161
138
177
178
138
138
97
98
99
100
101
115
116
117
50
51
52
53
117
50
51
52
53
41
73
214
215
216
217
218
219
213
214
215
216
217
144
145
146
147
220
147
211
36
15
146
221
209
210
211
212
213
214
215
216
217
218
219
73
215
216
217
218
219
30
115
