27
28
29
91
82
181
23
173
174
22
23
155
80
158
159
160
164
165
169
169
169
169
169
169
169
169
169
169
169
169
169
169
169
169
169
169
169
154
169
169
169
169
169
169
169
169
169
169
169
169
169
169
169
169
169
169
169
169
154
-1
42
41
42
45
45
48
48
80
68
181
44
45
45
45
12
35
48
44
45
39
44
45
45
23
184
185
14
167
25
26
27
28
54
95
141
12
169
169
169
30
75
-1
146
169
169
169
169
169
169
146
169
169
169
169
169
169
169
169
169
169
169
169
169
169
169
169
169
169
169
169
169
169
169
169
169
169
169
169
169
169
169
169
-1
-1
169
170
169
141
165
169
170
171
172
168
118
119
38
88
141
166
121
122
123
2
143
92
93
94
95
141
142
169
124
125
169
169
170
169
169
169
169
77
168
0
110
-1
169
169
169
169
169
158
159
160
169
169
169
169
169
169
163
164
165
169
169
169
169
170
169
169
169
169
169
147
169
169
161
162
169
169
169
169
169
169
151
169
169
168
