153
154
2
3
4
5
86
87
86
87
5
63
87
3
4
112
113
61
62
63
90
2
3
4
5
3
4
5
87
3
4
5
87
138
86
87
87
86
87
138
62
63
3
4
5
113
2
3
4
5
43
2
3
4
5
87
62
63
-1
-1
2
3
4
5
123
124
125
126
127
128
129
137
138
139
140
141
142
119
4
5
117
89
90
90
115
89
90
113
4
113
114
3
4
112
113
114
67
4
5
66
67
68
66
67
68
90
68
68
137
138
139
140
141
103
114
138
66
67
68
67
68
68
68
115
206
207
208
209
210
112
113
114
113
114
115
136
29
157
158
47
48
170
171
-1
131
132
133
134
135
136
137
138
138
87
5
63
87
88
210
211
212
213
214
215
122
5
86
87
87
88
61
62
43
137
138
68
137
138
139
119
86
87
5
89
90
-1
187
188
189
190
191
192
193
194
195
196
197
198
199
200
201
202
203
204
205
206
207
208
209
210
211
212
213
214
215
216
217
218
219
220
221
222
223
224
225
226
100
-1
