153
154
171
145
146
147
161
146
147
148
149
150
151
149
150
151
150
151
152
145
145
170
127
-1
-1
-1
35
36
145
145
145
170
171
43
35
35
43
35
35
72
-1
-1
43
68
69
176
177
172
172
-1
35
36
145
145
145
146
147
167
177
126
-1
-1
-1
-1
-1
-1
65
-1
66
-1
-1
-1
-1
66
95
96
97
27
145
145
145
145
145
146
147
148
149
161
145
131
132
133
134
137
138
139
140
49
50
56
164
165
183
184
43
44
45
90
10
45
90
45
10
76
185
42
10
45
76
76
179
180
181
182
183
172
10
11
181
182
144
145
28
29
151
152
145
145
145
145
145
145
28
147
146
147
148
149
150
151
164
165
166
154
160
148
161
146
147
152
153
154
151
165
166
154
161
145
146
167
168
62
177
-1
-1
-1
67
176
177
-1
-1
-1
-1
-1
-1
-1
17
18
19
34
18
35
73
31
74
75
76
7
8
83
17
18
19
19
182
33
34
83
7
8
9
7
8
73
74
18
183
184
185
45
185
183
184
185
178
-1
12
-1
