66
121
65
66
113
119
120
-1
64
71
90
91
126
121
120
121
121
0
70
0
1
68
39
84
76
77
131
84
85
86
104
119
113
97
0
1
86
76
39
71
111
112
44
85
86
87
88
89
1
4
88
1
2
3
61
3
0
1
4
76
64
44
45
97
0
1
79
80
73
44
63
103
126
126
90
91
86
86
112
126
128
126
120
118
120
121
120
121
44
125
126
126
103
39
120
120
26
91
92
120
88
89
81
84
76
77
76
68
69
70
118
119
86
112
89
84
-1
111
112
89
89
72
101
81
74
75
120
120
120
120
30
53
0
1
88
89
90
100
96
101
89
89
89
104
119
89
104
105
120
122
120
119
129
130
128
126
103
-1
42
43
129
130
