120
121
122
123
26
27
57
41
42
3
90
89
122
123
124
125
106
107
108
109
110
117
118
119
120
119
120
71
67
68
69
70
71
93
94
95
96
68
69
70
71
109
42
43
77
97
98
99
100
101
108
109
110
125
96
97
98
80
47
-1
-1
-1
80
-1
-1
46
47
48
64
64
64
-1
110
111
112
113
114
115
116
117
118
119
120
91
92
93
94
95
96
68
69
70
71
93
94
95
96
113
114
115
116
117
112
113
114
115
116
117
118
119
120
69
70
71
106
107
108
109
110
91
92
93
94
95
96
20
92
93
94
95
96
-1
126
127
128
129
130
131
127
128
37
72
73
74
77
78
100
101
92
93
94
95
96
114
115
116
117
118
119
15
2
112
