121
122
69
19
20
90
127
128
129
130
131
8
129
130
131
11
126
127
128
129
130
131
25
128
101
102
103
122
123
124
125
111
103
128
18
19
37
126
127
128
129
130
72
73
74
75
76
77
57
76
77
61
62
84
85
4
44
45
74
75
80
37
38
2
3
121
47
-1
-1
-1
-1
-1
128
18
19
20
11
15
56
67
68
15
126
73
126
127
128
129
130
95
131
18
19
130
73
74
126
127
34
35
121
42
8
122
123
124
125
119
126
127
128
129
130
38
39
47
80
81
82
83
84
39
35
106
80
37
47
48
5
47
48
-1
119
120
109
97
17
39
40
-1
-1
2
3
4
120
119
-1
40
41
37
68
19
-1
47
5
6
7
7
7
64
64
7
