431
403
404
405
438
439
406
450
405
406
406
404
405
438
439
406
405
406
405
406
406
405
406
404
405
406
406
404
405
438
439
404
405
438
439
450
451
454
404
405
406
420
554
406
438
429
431
-1
36
37
38
39
206
207
492
366
367
386
-1
-1
581
582
583
584
585
586
587
588
589
590
591
592
593
594
595
596
597
428
368
416
312
327
328
254
588
256
257
431
432
583
584
585
586
587
268
410
249
470
354
355
-1
-1
571
572
573
574
575
408
323
324
325
583
584
268
564
565
566
567
381
473
323
324
325
583
553
9
206
397
404
434
433
438
439
405
438
262
263
264
35
36
257
552
553
327
