139
383
384
385
254
255
556
557
558
559
560
403
395
432
256
260
260
261
262
362
379
379
379
379
379
429
430
255
256
137
379
379
379
379
379
379
430
426
430
379
401
402
403
426
430
379
379
561
562
430
379
538
539
405
538
539
540
540
540
469
389
390
254
255
469
470
473
433
556
557
558
362
-1
473
418
419
393
394
379
139
357
358
267
423
539
540
540
413
362
362
363
425
267
255
362
363
419
465
361
362
-1
-1
137
138
518
538
539
540
539
430
379
379
379
260
260
379
415
416
465
465
429
430
551
552
553
419
539
535
536
540
424
399
419
539
540
469
473
473
539
540
308
309
93
-1
