555
556
557
558
559
560
561
562
142
138
419
420
421
422
423
314
333
260
261
262
333
138
139
257
256
37
37
261
37
262
93
388
389
390
391
392
393
94
35
36
37
36
257
93
139
37
142
314
515
516
400
449
433
449
-1
-1
-1
-1
-1
-1
419
420
421
422
314
142
489
257
314
333
334
335
333
334
333
334
335
336
259
422
423
424
425
426
427
333
334
94
37
38
516
265
142
94
94
333
334
335
435
314
314
316
490
491
492
493
494
495
496
497
498
499
500
501
502
503
185
485
486
487
488
18
26
187
187
187
98
99
100
101
160
161
162
163
164
165
166
167
168
534
543
544
545
546
