450
451
452
453
456
364
301
302
303
456
301
302
303
303
456
613
452
453
456
613
301
302
303
453
454
597
598
599
600
597
598
599
600
455
456
454
571
572
573
455
456
452
454
251
568
569
570
571
572
573
455
456
454
369
623
624
455
237
311
-1
744
745
746
747
748
564
271
564
271
677
433
708
678
679
680
731
5
6
564
271
272
485
194
195
196
197
738
739
740
503
400
401
55
56
487
765
766
767
768
769
-1
-1
858
859
860
861
862
863
864
865
866
867
868
869
870
871
872
873
874
875
876
877
878
879
880
881
882
883
884
885
886
887
888
889
890
891
892
893
894
895
896
897
898
899
859
860
861
862
863
864
865
866
867
868
869
870
871
872
873
874
875
876
877
878
879
880
881
882
883
884
885
886
887
888
889
890
891
892
893
894
895
896
897
898
899
-1
596
597
598
599
600
341
342
343
357
358
462
463
339
340
341
128
25
450
81
142
464
148
147
683
684
685
547
548
104
28
242
237
238
239
297
288
285
286
682
683
684
-1
