732
627
115
863
864
115
116
43
115
115
862
863
864
865
866
867
868
869
870
871
872
873
874
875
876
877
878
879
880
881
882
883
884
885
115
879
880
881
882
883
884
885
115
879
880
881
882
883
524
627
879
880
881
882
883
884
732
115
-1
-1
595
361
362
365
366
367
289
407
289
696
362
363
474
16
17
419
-1
-1
204
205
555
326
400
493
494
191
102
74
17
646
160
17
18
17
-1
160
181
182
178
179
83
604
183
733
595
594
595
684
685
672
427
561
562
149
150
151
152
153
515
395
396
397
398
615
436
437
438
439
440
480
484
521
729
730
166
371
372
563
511
238
508
509
508
348
870
871
872
873
874
875
876
877
878
879
880
881
882
883
884
885
886
887
888
889
890
891
524
627
879
880
881
882
883
884
885
886
887
888
889
890
891
892
893
894
895
-1
171
172
648
72
73
68
69
73
113
114
674
176
435
140
141
895
436
437
515
-1
717
718
112
113
112
165
592
303
298
290
360
165
435
436
437
173
105
264
265
266
433
173
