141
328
329
12
600
12
418
12
645
574
575
601
602
404
138
139
243
529
600
575
575
575
575
575
423
644
645
343
693
419
575
575
575
55
282
202
574
575
575
575
575
71
600
136
101
102
103
584
585
804
550
645
587
588
600
583
584
574
575
74
168
170
164
111
164
111
110
111
164
111
168
168
168
111
111
111
170
111
168
170
168
164
168
111
168
170
111
168
164
170
164
164
170
111
168
164
164
168
170
171
499
-1
558
559
269
91
207
253
254
254
20
21
502
503
666
884
885
436
440
441
442
443
444
445
434
466
467
734
560
141
467
733
733
411
412
413
414
415
85
268
560
-1
-1
-1
368
369
370
371
372
373
374
375
376
312
398
399
400
389
467
247
733
247
733
247
733
733
247
733
733
733
247
247
247
247
733
247
248
246
247
733
733
733
733
733
247
411
859
860
861
862
863
864
865
866
867
868
869
870
871
872
873
874
875
876
877
878
879
880
881
882
883
884
885
676
666
676
666
867
868
869
667
877
-1
-1
-1
-1
-1
-1
