319
320
321
243
236
237
279
39
40
241
242
204
237
239
206
300
39
489
490
473
203
204
205
206
32
445
446
447
2
411
177
279
491
12
385
386
387
388
491
306
307
308
613
614
615
616
617
618
619
620
621
622
623
624
625
626
627
628
629
630
631
632
633
634
635
636
637
525
526
180
622
312
508
509
510
511
512
513
514
515
516
219
220
225
226
454
373
216
217
218
219
220
250
251
252
253
615
616
617
618
619
620
612
613
614
615
616
617
618
619
620
621
622
623
624
625
626
627
628
629
630
631
632
633
634
635
636
637
638
639
640
641
114
115
496
619
187
375
389
268
61
62
550
147
148
103
104
105
106
619
620
621
622
623
624
625
626
627
628
629
630
631
