424
425
426
427
521
293
522
178
179
518
519
520
543
521
297
342
343
548
431
180
312
180
189
500
342
343
372
334
295
621
622
40
305
306
466
184
246
184
185
312
313
314
292
293
294
295
296
297
443
342
101
461
462
502
254
255
279
113
249
250
251
100
508
509
285
286
287
319
448
306
307
308
199
200
201
202
203
204
205
206
204
205
206
218
506
313
518
431
243
201
202
203
522
523
626
627
186
172
173
174
175
517
633
99
100
101
487
83
84
85
86
87
88
427
99
100
101
250
466
40
41
42
162
82
330
373
186
41
42
43
351
525
613
614
615
616
617
618
619
620
621
622
623
624
625
626
627
628
629
630
631
632
633
634
106
179
504
435
639
178
179
205
