100
523
524
629
630
631
632
633
634
635
636
637
638
639
640
641
613
614
615
616
617
618
619
620
621
622
623
624
625
626
627
628
523
524
634
635
429
254
613
450
186
626
-1
521
522
524
627
154
155
498
275
424
-1
292
522
523
-1
482
224
348
68
421
524
67
68
485
483
287
96
-1
398
450
67
68
118
118
538
54
-1
91
339
287
287
287
157
522
523
523
453
264
524
107
108
482
29
30
-1
269
270
548
616
-1
625
82
345
470
471
-1
450
450
415
416
186
396
525
421
338
339
118
480
186
10
-1
13
14
-1
450
419
49
274
86
-1
186
618
619
620
621
521
612
67
68
68
68
271
270
68
68
522
67
68
155
480
68
454
455
221
64
67
68
-1
391
79
