69
44
44
69
134
5
203
203
203
240
240
5
203
112
203
147
57
57
203
203
203
112
112
57
57
55
112
57
224
224
224
112
112
112
203
203
224
203
112
203
203
203
240
112
109
99
115
145
41
134
105
105
115
55
105
180
134
134
75
119
119
119
119
103
119
103
119
119
119
119
103
119
78
119
8
8
119
119
8
240
109
15
103
103
170
39
98
134
53
7
101
134
109
203
224
103
240
240
240
39
39
240
149
234
15
127
224
224
240
29
184
105
105
105
29
29
105
29
75
149
105
105
15
101
220
105
75
75
134
109
109
145
105
134
29
200
105
29
75
101
234
202
