151
152
153
154
153
159
160
161
162
117
118
119
116
117
151
169
154
155
55
153
170
171
172
141
171
172
173
174
92
93
94
156
141
156
157
158
159
160
152
101
116
160
152
153
164
165
166
173
158
117
118
119
120
121
153
154
151
152
27
-1
-1
-1
-1
-1
-1
-1
-1
-1
-1
-1
-1
-1
-1
-1
-1
-1
-1
-1
-1
-1
-1
-1
-1
-1
-1
-1
-1
-1
-1
-1
-1
-1
-1
-1
177
178
179
73
-1
-1
80
147
112
113
114
115
116
117
118
119
120
121
122
123
66
67
68
69
10
11
153
154
116
117
158
154
155
183
184
185
156
157
133
160
131
116
117
118
119
120
121
122
-1
-1
0
1
2
3
4
5
6
7
8
9
10
11
12
13
14
15
16
17
18
19
20
21
22
23
24
25
26
27
28
29
30
31
32
33
24
25
26
27
28
29
30
31
8
9
10
11
12
13
14
15
16
17
18
19
20
21
22
23
24
25
26
27
28
156
168
169
142
159
160
141
113
114
115
116
117
118
119
120
133
149
150
151
-1
-1
