175
175
34
175
175
175
175
34
175
177
178
179
179
179
179
179
179
179
179
179
179
179
179
179
179
179
179
179
179
179
179
179
179
179
179
180
178
179
179
179
179
179
179
180
181
179
180
181
33
180
181
182
183
175
176
178
179
-1
-1
-1
144
176
144
145
146
146
146
145
146
146
146
176
176
70
147
148
151
168
169
170
138
139
72
73
74
74
75
178
179
72
73
37
169
170
171
172
70
72
71
71
71
175
144
145
146
146
-1
144
145
176
35
145
159
160
161
162
163
136
137
138
139
140
108
137
74
75
140
139
178
179
179
180
181
137
39
151
163
164
30
159
160
30
156
125
137
138
139
178
179
179
179
179
179
179
180
178
179
179
179
180
178
179
180
181
178
179
179
179
179
180
181
178
179
179
179
179
179
179
179
179
179
163
164
165
178
179
178
179
179
179
179
179
179
179
179
179
179
179
179
179
179
179
179
179
179
180
177
178
179
179
179
179
179
179
179
179
179
179
179
179
179
179
179
179
73
74
75
125
