146
146
145
175
175
175
175
175
175
175
70
181
182
0
179
161
76
77
163
76
158
76
77
77
169
170
76
77
77
162
163
164
165
166
167
168
76
77
160
161
162
163
164
76
77
169
170
171
172
173
70
123
124
182
183
151
152
153
77
70
76
77
179
180
179
152
153
154
155
70
73
155
0
179
76
77
167
76
77
175
175
175
176
70
34
70
70
175
96
97
98
179
76
77
161
162
163
164
165
166
77
-1
76
77
77
78
76
77
77
77
154
76
77
168
169
170
171
177
121
151
152
153
73
175
159
160
161
0
167
168
169
170
171
172
70
164
70
174
184
185
75
76
158
-1
164
165
76
77
73
76
77
77
77
70
0
166
167
168
169
170
171
172
76
77
156
181
182
183
184
76
77
77
77
77
70
0
75
76
77
77
169
170
70
70
175
-1
76
77
77
77
77
77
77
179
76
77
77
77
77
167
73
73
76
77
77
77
77
77
77
77
77
77
77
77
77
77
77
77
77
77
77
77
77
77
77
77
77
179
