126
127
128
129
130
131
39
74
15
16
127
20
123
74
99
100
26
27
52
53
54
128
129
54
128
129
54
129
52
53
54
78
98
99
100
54
55
124
20
21
22
23
57
58
59
60
68
69
70
22
23
128
129
26
27
98
99
100
23
100
15
16
52
53
54
53
54
26
27
53
55
97
64
65
66
67
68
69
70
27
52
53
54
52
53
54
99
100
27
128
129
15
16
69
70
54
55
56
57
100
69
70
6
7
8
9
10
11
12
13
14
15
16
129
98
99
100
69
70
22
23
54
77
78
127
128
17
74
16
16
99
100
63
64
65
66
67
68
20
131
49
17
49
26
27
27
69
70
99
100
99
100
127
128
129
130
131
66
67
68
69
70
