105
106
107
108
109
110
111
112
113
79
80
81
23
87
127
128
128
128
106
86
87
88
130
84
85
86
87
88
130
87
88
130
68
69
105
106
73
74
75
76
77
78
127
128
53
128
129
79
130
94
21
126
126
127
128
51
52
51
25
96
97
127
128
53
126
127
128
128
51
23
-1
-1
127
128
128
128
53
128
128
128
53
53
53
53
128
53
128
53
25
97
127
128
53
128
51
52
53
128
129
127
128
128
129
24
24
102
103
104
112
113
114
52
53
54
74
75
127
128
129
90
130
131
119
120
121
21
22
99
105
23
24
80
52
53
53
128
129
88
89
26
27
16
98
99
52
53
53
53
128
53
128
94
89
90
91
92
96
97
98
99
-1
-1
