55
56
121
55
56
121
54
55
56
56
55
56
56
117
54
55
56
59
43
59
43
59
57
94
54
55
56
121
94
54
128
56
93
0
1
107
108
109
110
42
43
121
54
55
56
59
56
55
56
43
59
128
54
55
56
57
58
59
124
54
129
0
1
42
43
56
24
110
111
112
113
24
54
55
56
127
54
55
56
26
27
28
59
56
1
42
1
131
129
117
54
55
56
43
55
93
127
128
0
1
105
106
94
26
54
55
56
56
59
43
26
27
22
26
58
128
58
59
127
128
55
56
117
54
55
56
56
43
1
26
55
56
54
55
56
43
43
56
43
55
56
1
42
43
1
42
43
43
55
56
55
56
55
56
59
127
42
43
1
42
43
43
