103
103
103
103
103
103
103
103
228
8
134
112
103
103
119
103
103
103
78
5
57
57
224
101
55
203
78
109
109
112
134
8
109
109
109
134
134
30
8
30
112
112
30
8
30
224
112
112
57
240
78
8
8
240
203
112
75
8
112
5
25
180
115
104
104
84
115
44
223
44
23
105
193
5
115
145
145
213
188
223
105
23
160
115
179
115
177
223
105
193
39
247
44
115
193
247
104
115
201
84
7
30
103
103
103
119
119
119
78
78
103
103
119
119
103
103
103
103
119
134
228
103
119
119
103
103
119
112
8
119
103
103
103
103
78
30
103
119
119
119
103
103
103
