652
653
36
37
38
207
272
38
39
40
41
79
80
81
159
289
8
9
79
139
86
87
88
89
289
207
95
96
97
139
54
55
56
79
329
295
296
287
45
265
70
63
64
32
33
292
293
294
42
43
83
31
345
370
43
64
65
66
294
-1
267
237
238
81
120
236
414
559
326
327
328
385
99
326
327
328
469
539
540
597
598
599
605
367
368
103
134
630
130
131
362
171
115
116
294
235
415
285
101
102
103
368
5
6
207
139
1
207
121
122
109
110
111
112
120
121
122
328
111
112
99
68
122
385
386
387
368
684
115
117
115
554
686
636
217
123
124
487
218
112
362
363
116
117
