642
643
644
-1
174
-1
138
139
140
141
-1
627
628
629
630
-1
-1
544
545
546
547
548
113
27
207
644
123
124
41
-1
626
627
628
629
135
647
552
553
657
192
632
633
634
635
206
55
56
198
97
633
140
141
93
94
619
620
621
622
623
624
12
13
14
15
16
17
18
19
20
21
22
23
24
25
26
27
28
29
556
329
330
331
569
164
140
141
630
10
11
12
13
14
15
16
17
207
-1
-1
-1
-1
-1
-1
331
332
333
334
335
336
337
338
339
340
341
342
343
344
569
294
295
296
297
298
299
300
301
-1
-1
-1
-1
357
358
569
72
73
74
75
76
569
568
569
570
360
-1
-1
