653
654
655
656
657
541
652
631
632
633
634
635
636
637
392
622
415
416
167
103
104
105
106
107
108
109
110
381
391
392
307
306
113
590
555
556
557
289
200
670
671
463
287
116
117
670
133
134
135
477
351
160
670
130
305
665
666
640
641
-1
221
375
317
240
570
562
563
464
465
576
566
567
580
581
582
545
546
602
603
592
593
594
595
596
597
598
599
600
601
602
603
604
593
594
595
596
227
597
395
396
580
191
180
181
182
183
210
189
195
200
200
189
509
189
195
351
195
189
183
200
210
183
200
210
183
210
287
479
222
210
351
189
506
499
653
654
104
105
546
650
651
652
653
654
