210
41
146
41
203
203
41
146
146
109
160
41
41
146
146
203
160
23
146
109
109
41
41
41
99
109
203
203
203
203
203
57
57
114
203
203
203
203
203
203
203
203
203
203
203
203
203
203
203
203
203
203
203
203
203
203
203
203
30
203
25
94
94
145
94
126
94
94
94
227
138
255
209
226
236
255
25
184
126
236
225
94
25
94
94
94
94
94
126
126
126
94
94
226
45
140
57
227
3
94
126
57
57
112
203
203
203
30
112
112
112
112
112
203
203
203
30
57
203
112
112
112
112
203
109
134
8
8
41
203
112
112
112
119
78
78
78
78
78
78
78
119
