112
119
103
103
119
103
103
119
119
119
119
103
103
119
119
119
119
119
119
119
119
103
103
103
103
119
164
119
103
240
247
69
53
109
69
69
240
53
69
69
69
105
96
15
119
119
119
119
119
164
119
164
147
164
119
119
164
119
119
224
202
101
96
105
29
161
96
96
96
29
96
96
220
105
184
204
53
96
96
53
53
127
96
96
212
75
1
220
96
15
204
220
204
204
119
119
103
136
164
119
119
119
119
119
119
103
103
119
240
240
103
103
103
119
119
103
119
119
119
103
119
119
119
119
119
103
119
119
119
119
119
119
8
119
103
119
103
119
103
119
224
224
224
30
240
134
134
134
134
134
134
134
134
234
224
119
164
164
119
103
70
70
70
247
247
112
119
119
119
119
119
103
202
119
119
119
119
119
134
228
119
109
109
8
112
134
228
103
134
103
134
202
119
119
103
103
103
103
103
103
103
103
103
103
103
103
103
103
103
103
103
103
103
103
103
103
103
103
103
119
134
109
105
