32
32
21
21
21
21
21
21
21
21
40
32
32
40
40
40
40
40
23
40
23
39
39
18
17
17
17
46
14
10
10
18
10
10
14
18
18
10
10
10
42
39
40
32
32
32
32
32
21
39
39
39
39
21
21
55
32
21
40
21
21
32
40
40
40
40
23
35
10
10
10
10
10
35
35
35
10
10
10
10
10
10
10
35
10
10
49
39
18
14
40
40
40
40
40
40
40
40
40
55
55
21
21
21
21
39
21
21
21
21
21
40
40
21
21
21
21
21
21
39
39
39
21
21
21
39
21
21
21
21
21
21
21
40
21
21
21
21
39
39
32
21
19
35
35
35
17
46
10
10
35
36
36
35
35
35
35
24
19
24
36
36
36
35
55
35
35
24
55
55
55
55
55
55
24
40
39
23
24
55
55
36
18
40
21
40
40
32
32
55
40
32
40
40
55
24
55
21
55
14
55
55
40
55
55
55
55
55
35
35
24
24
55
55
35
21
55
55
10
36
10
35
35
