13
13
13
13
13
13
13
13
13
13
10
10
13
13
3
3
3
3
3
3
3
3
13
3
3
10
10
10
10
10
10
10
14
10
10
10
10
10
10
10
10
10
10
10
10
10
9
9
9
9
3
3
9
9
9
9
10
10
9
5
5
5
5
5
5
5
5
5
5
5
5
5
5
5
5
5
5
5
5
5
5
5
5
5
5
5
5
5
5
5
5
5
10
5
5
5
5
5
10
3
14
3
14
14
3
10
9
9
9
14
9
9
14
9
2
9
14
9
9
9
9
10
2
2
2
4
3
3
3
10
5
5
3
3
3
3
3
10
10
10
9
9
9
10
10
10
10
10
5
10
10
10
10
10
10
10
10
10
10
10
10
10
10
10
10
10
10
10
10
5
10
10
10
5
5
9
10
10
10
5
5
5
5
5
5
5
5
5
10
5
5
5
5
5
5
5
5
5
5
10
5
5
5
5
5
5
5
5
5
5
5
10
9
5
5
5
5
5
