241
59
116
203
103
218
0
229
232
74
229
168
0
215
11
11
184
195
43
64
43
64
195
195
184
168
168
43
195
203
195
135
184
184
195
243
184
223
43
64
11
71
159
159
150
150
150
150
150
150
150
150
8
8
113
235
90
83
218
83
83
20
83
64
64
83
195
100
223
195
195
195
113
8
8
8
150
150
21
150
21
21
113
113
113
113
113
233
233
239
239
8
8
97
97
195
195
183
113
113
183
21
235
11
84
223
70
235
43
203
184
84
235
195
64
11
183
183
38
199
183
184
203
223
183
223
218
161
223
235
218
64
64
64
243
195
223
64
64
155
155
155
100
223
183
183
184
184
184
184
71
71
203
195
97
183
195
11
11
239
183
