119
119
119
119
164
119
119
119
119
119
119
119
119
119
119
119
119
119
119
119
119
119
119
119
119
119
119
119
119
119
119
119
119
119
119
119
119
119
119
119
119
103
119
119
119
164
164
119
119
119
119
164
119
119
228
164
119
119
103
103
103
103
55
103
103
202
247
234
103
134
109
134
134
223
247
103
234
119
103
134
78
103
134
8
78
202
240
149
103
103
134
134
109
146
170
134
103
103
203
146
145
5
193
193
224
30
86
112
8
134
55
78
119
78
78
119
119
119
103
78
119
119
228
5
5
119
119
228
55
119
119
119
119
119
119
119
119
5
164
119
