164
119
119
119
119
119
119
119
119
119
119
119
119
119
119
119
119
119
119
119
119
119
119
119
119
119
119
119
119
119
119
119
119
119
119
119
119
119
119
119
119
119
119
119
119
119
119
119
8
78
119
119
119
119
119
119
228
164
119
119
119
119
119
119
119
119
119
119
119
119
119
119
119
119
119
119
119
119
164
119
119
119
119
119
119
119
119
119
119
119
119
119
119
119
119
119
119
119
119
119
78
119
119
119
119
119
119
119
119
119
119
119
119
119
119
119
119
119
119
119
119
119
119
8
119
119
119
119
119
119
119
119
119
8
119
119
119
119
119
119
119
119
119
