109
109
109
109
109
146
203
146
146
41
203
203
203
203
112
112
112
112
112
112
112
112
112
112
112
112
112
78
78
78
203
112
112
112
112
147
112
203
203
112
112
5
78
112
112
112
112
112
112
112
112
112
57
112
203
203
112
146
5
5
5
5
5
5
5
5
203
203
203
203
203
203
146
203
203
203
203
203
112
5
203
203
5
5
203
203
203
203
203
203
78
147
147
147
147
147
112
112
203
146
203
5
146
109
203
78
5
5
41
5
203
203
203
41
41
5
146
146
146
146
5
203
146
5
203
203
203
112
203
57
203
5
203
5
5
5
78
203
203
203
203
203
