186
187
250
767
269
397
397
509
250
269
270
186
187
188
185
264
203
264
78
529
189
530
531
453
753
754
755
16
195
204
205
453
205
206
207
240
241
204
205
206
471
496
538
584
585
613
687
613
509
738
739
740
741
397
767
768
323
269
270
-1
397
397
398
177
765
766
185
78
758
759
206
192
180
180
757
758
723
748
180
192
442
192
205
206
760
759
192
289
740
453
454
183
184
185
447
448
766
447
448
217
175
212
767
397
397
509
396
397
250
509
250
269
270
263
767
269
250
767
250
509
739
740
741
397
250
250
396
397
397
548
509
548
269
269
270
250
548
767
509
408
409
410
548
-1
746
747
526
527
327
16
179
180
760
403
364
401
402
526
527
624
746
371
372
373
365
564
355
356
723
715
501
143
322
260
261
389
502
202
530
214
506
507
56
392
735
-1
249
250
270
184
186
187
142
262
141
188
536
175
502
501
269
251
182
254
255
256
257
258
259
260
261
356
701
624
503
501
321
356
767
768
769
204
362
756
757
758
-1
-1
