538
99
100
101
269
100
101
68
69
70
71
251
62
260
261
262
263
264
71
72
72
257
62
63
64
260
73
76
251
191
752
180
422
179
180
180
205
697
180
180
180
755
138
659
68
69
70
71
72
73
97
73
-1
247
248
249
73
248
249
-1
733
769
161
138
753
713
388
138
138
131
717
131
131
385
753
340
332
643
138
138
420
421
353
131
131
384
749
198
506
131
492
332
506
332
332
263
264
265
510
74
-1
-1
68
69
70
71
72
262
265
266
269
190
191
65
66
67
68
69
265
68
69
70
251
269
261
262
263
264
265
68
69
70
71
72
261
-1
256
257
68
100
269
257
269
-1
531
532
533
39
191
-1
-1
-1
-1
-1
-1
-1
-1
478
706
72
73
74
142
251
439
440
441
442
443
188
260
261
262
263
264
265
210
68
69
70
71
72
-1
213
263
-1
301
302
-1
538
-1
273
257
-1
67
-1
769
98
99
100
101
67
61
62
63
64
65
66
67
61
62
63
64
65
66
67
65
66
67
63
64
65
66
67
68
-1
757
746
