529
530
531
532
533
534
535
536
537
538
38
39
395
396
397
398
399
74
75
76
77
74
247
248
249
56
57
58
59
59
9
42
60
8
9
42
28
29
57
58
59
58
59
29
29
59
190
191
192
192
263
264
190
191
192
442
38
39
442
-1
2
2
2
2
2
2
2
2
2
2
2
2
2
2
2
2
2
2
2
2
2
2
2
2
2
2
2
2
2
2
2
2
2
9
2
2
2
2
2
-1
-1
-1
59
142
143
144
175
770
176
9
190
191
192
193
467
192
193
467
755
467
468
467
191
192
442
57
754
755
755
14
472
142
227
49
2
2
509
510
511
512
513
-1
-1
-1
27
28
29
190
191
192
56
57
58
59
29
2
56
57
58
59
28
29
39
39
42
57
58
59
28
29
59
42
39
29
29
39
2
56
57
58
2
2
3
27
28
29
2
2
2
2
2
2
2
2
2
56
2
2
2
2
2
2
2
2
2
2
57
2
2
2
2
2
2
2
2
2
2
2
57
205
2
2
2
2
2
-1
-1
-1
