378
379
380
381
382
383
384
385
365
366
367
54
55
344
153
45
46
47
48
48
277
278
277
278
47
48
6
335
180
181
536
14
15
277
278
5
102
131
253
151
179
180
497
498
499
500
501
212
194
427
409
410
471
472
473
474
475
476
450
550
551
43
537
538
539
448
14
142
540
541
215
129
378
379
380
381
382
383
384
385
438
439
355
347
327
328
329
330
331
52
53
54
55
384
385
548
284
131
132
133
134
115
391
392
393
122
123
124
71
543
162
163
371
131
178
179
49
346
347
134
346
347
101
102
115
131
132
189
190
191
192
529
469
470
471
472
473
474
475
476
140
538
539
106
107
428
429
430
429
434
423
349
499
500
141
142
349
350
461
537
538
539
