378
337
344
352
371
90
232
233
322
473
233
392
237
524
227
228
356
533
215
541
215
541
542
534
514
515
516
127
533
352
542
205
323
324
542
532
323
537
216
412
181
351
-1
-1
67
68
69
69
68
69
188
68
70
49
46
57
58
243
169
270
271
117
374
375
541
301
542
538
537
533
534
534
47
48
49
50
125
53
152
125
152
152
43
44
44
44
47
-1
-1
19
41
42
49
390
391
533
534
149
43
44
547
152
95
189
93
509
358
56
215
352
137
93
94
542
360
189
548
549
139
317
547
129
352
537
547
509
74
289
509
217
218
-1
540
541
360
532
533
509
359
360
154
155
155
538
537
548
549
135
136
137
138
351
351
352
534
363
364
534
275
276
39
548
