546
547
-1
-1
547
-1
-1
-1
-1
-1
-1
-1
-1
-1
-1
-1
-1
-1
-1
-1
-1
-1
-1
-1
-1
-1
48
-1
-1
345
-1
366
-1
28
382
383
-1
-1
548
-1
-1
-1
53
-1
67
68
69
70
125
126
54
188
490
133
134
223
436
437
438
439
68
69
439
-1
55
455
456
457
458
459
460
516
48
-1
-1
-1
346
347
348
334
335
515
516
129
524
146
147
538
334
458
278
253
275
334
253
334
276
-1
-1
334
150
151
-1
-1
-1
437
438
-1
-1
187
188
189
186
-1
-1
-1
-1
527
528
529
343
344
345
346
549
550
529
530
-1
-1
-1
545
-1
-1
195
196
-1
-1
-1
-1
-1
-1
-1
-1
328
-1
-1
-1
-1
-1
-1
-1
-1
-1
-1
-1
-1
189
190
191
-1
-1
