83
162
129
130
131
132
90
91
92
179
219
220
221
222
223
224
225
64
123
183
184
20
21
22
23
24
77
78
106
41
121
122
123
8
64
16
17
20
77
186
31
32
33
184
65
52
53
54
55
198
199
200
197
175
176
177
178
-1
-1
-1
11
12
13
14
15
16
17
18
19
105
106
13
14
15
16
17
18
19
178
93
83
84
91
92
93
70
92
93
103
104
105
106
106
40
37
38
65
166
135
92
-1
-1
210
211
212
213
214
215
153
154
180
181
1
64
65
83
84
65
176
207
208
209
210
180
181
182
161
153
204
63
47
221
184
65
145
146
198
199
200
200
200
136
137
138
173
174
175
176
177
178
198
151
152
154
121
197
198
136
137
198
199
136
137
150
198
136
75
202
1
151
135
136
196
197
122
44
48
196
197
122
107
121
124
125
126
-1
64
65
141
142
143
144
135
136
137
138
198
199
200
200
199
200
136
150
168
169
170
198
199
136
137
135
136
83
84
107
175
135
136
137
138
198
199
200
200
200
-1
-1
