52
53
54
55
110
142
143
196
137
138
128
127
128
196
202
202
196
196
202
187
196
196
187
202
187
187
187
196
196
197
187
141
196
187
196
137
138
139
196
196
49
187
188
193
194
54
73
192
193
49
131
132
133
51
196
197
192
58
145
187
70
71
204
205
64
39
79
182
183
205
206
207
208
162
162
204
84
101
152
1
4
5
6
7
85
85
71
48
129
208
180
181
64
70
12
48
57
58
189
57
58
59
203
204
205
206
207
208
206
207
208
181
182
183
47
180
181
182
183
180
181
182
183
205
163
129
206
207
208
63
205
206
207
208
182
117
-1
-1
-1
-1
-1
-1
-1
-1
6
7
8
9
10
27
28
89
90
91
79
64
37
71
64
77
78
10
11
12
13
14
15
16
17
18
19
20
39
40
90
101
119
120
10
11
12
13
14
15
16
71
0
1
2
3
4
21
22
23
9
10
21
22
119
120
20
10
11
8
22
134
183
84
85
14
79
130
131
9
10
11
12
13
14
15
115
34
35
36
37
38
39
-1
