188
37
83
-1
-1
13
14
15
61
62
63
64
153
154
155
35
61
62
63
64
85
78
79
162
163
163
62
63
64
182
62
63
-1
-1
162
163
128
176
177
178
143
83
77
78
79
64
64
63
64
86
-1
114
164
90
-1
78
114
115
61
173
220
221
222
223
224
225
119
222
223
224
210
26
108
109
113
138
147
3
212
223
224
211
212
223
224
106
210
221
222
223
224
213
24
25
26
26
218
219
220
221
5
108
92
93
94
93
24
25
26
67
210
222
211
7
4
94
210
0
84
153
-1
84
134
180
80
193
176
177
68
69
70
166
167
168
83
84
85
204
77
188
165
166
167
-1
107
156
157
158
159
160
161
183
-1
182
4
61
62
63
64
63
86
227
77
1
189
79
189
83
84
85
86
87
88
89
29
-1
1
61
62
-1
207
208
209
35
-1
-1
218
74
80
219
220
221
222
7
102
103
104
105
106
25
109
80
105
106
114
115
115
80
114
115
115
95
78
114
115
80
193
223
224
225
108
221
222
9
10
226
227
-1
