127
128
116
129
129
48
49
50
128
32
112
161
24
61
63
64
65
66
55
60
65
66
147
63
64
65
66
129
63
64
40
41
42
129
63
64
65
66
56
64
89
90
129
129
129
129
129
129
129
129
129
129
129
129
129
129
129
129
129
129
129
129
129
129
129
63
64
65
66
129
54
55
129
92
93
129
129
129
129
129
63
64
65
129
63
64
65
66
64
65
66
129
129
129
129
129
129
-1
-1
-1
-1
-1
13
14
49
50
64
65
66
58
59
67
145
146
53
51
52
53
51
91
92
43
44
87
88
51
53
51
119
120
121
-1
48
49
50
40
41
42
43
6
124
129
129
129
130
150
63
129
129
59
129
129
129
129
129
129
129
129
60
61
62
129
