127
116
45
45
60
127
127
60
45
52
46
45
45
46
116
123
60
24
25
50
120
121
60
49
50
60
57
58
122
118
131
60
58
60
147
60
45
85
60
45
60
122
161
161
83
161
161
83
83
161
83
161
83
161
161
161
161
161
83
83
83
83
83
83
161
83
161
161
161
161
83
83
89
37
120
121
123
121
69
46
102
59
59
61
59
59
59
147
148
45
59
147
129
57
58
122
45
82
59
59
59
103
4
5
6
60
3
4
5
15
111
113
114
15
1
2
17
18
5
6
4
91
60
12
45
5
60
98
95
59
59
60
11
12
13
14
55
118
119
48
49
50
59
59
60
60
14
15
59
60
13
14
3
55
26
27
42
43
84
114
129
130
