36
37
38
39
40
41
42
43
52
40
140
140
140
140
140
140
140
140
140
140
140
140
140
140
140
140
140
140
140
140
140
140
140
140
140
140
140
140
140
140
140
140
14
18
19
20
21
22
23
24
111
112
113
114
115
33
148
149
150
151
152
153
154
155
156
157
158
159
160
146
147
-1
18
77
14
15
18
85
54
77
161
54
18
70
14
18
19
20
21
22
23
24
150
151
152
85
14
15
16
18
70
54
102
103
104
102
103
103
104
102
103
103
103
144
145
57
102
103
104
102
103
103
103
103
144
96
97
35
144
96
103
103
80
81
82
3
88
44
45
1
2
129
130
114
115
62
63
63
72
115
16
17
159
160
21
22
23
24
129
130
115
-1
