164
164
164
164
164
164
164
164
164
164
164
164
164
164
164
164
164
78
78
78
78
78
78
78
78
78
78
78
78
78
78
78
78
78
78
30
78
78
30
30
78
78
78
78
78
78
78
78
78
78
78
78
78
78
30
203
30
78
78
25
25
25
63
63
166
166
166
126
166
166
166
166
209
166
126
25
25
187
126
187
166
166
166
166
209
209
25
227
126
63
166
126
166
94
94
187
166
25
94
209
25
78
203
78
78
78
203
78
78
203
203
203
203
203
203
203
203
203
203
203
203
203
203
203
203
203
203
203
203
203
203
203
203
203
203
203
203
203
203
203
203
203
203
