57
57
115
105
105
105
105
105
29
29
30
247
29
55
105
105
247
234
234
29
105
144
114
114
234
234
235
235
234
235
224
235
235
235
234
234
153
147
57
224
144
153
153
153
183
55
144
144
55
105
55
105
29
105
29
105
105
29
105
247
114
114
203
114
114
153
240
144
144
235
153
235
55
234
70
224
153
153
153
153
194
153
153
153
153
183
70
183
183
153
153
147
112
112
70
69
69
69
240
153
153
147
147
147
147
147
147
147
147
30
30
78
78
78
78
78
78
78
78
30
78
112
224
147
147
112
30
57
147
30
78
78
78
78
30
57
57
30
180
180
134
78
78
