41
42
43
44
45
56
45
22
43
44
45
6
22
18
18
45
43
44
45
45
44
45
120
121
18
42
119
120
121
56
18
21
120
121
44
119
120
121
45
43
44
45
119
120
121
119
120
121
14
23
3
23
120
121
31
21
22
18
21
22
15
16
83
83
83
16
54
110
111
125
126
126
127
62
63
108
109
16
54
54
110
111
112
113
114
112
113
114
101
102
15
16
89
24
117
118
119
64
65
85
86
46
126
127
128
129
105
106
107
133
116
124
125
126
127
128
119
120
121
122
123
118
49
125
126
127
128
49
129
130
131
132
13
14
48
49
50
51
25
116
117
24
117
-1
