325
326
511
503
299
334
117
504
504
118
133
134
326
512
297
511
512
-1
-1
-1
-1
503
504
403
124
269
-1
447
448
449
450
451
452
453
454
455
456
457
458
452
453
454
455
456
457
458
271
272
90
91
92
271
406
726
138
446
455
456
463
-1
278
279
280
281
281
281
281
297
297
298
281
281
281
281
189
281
281
281
281
281
281
282
283
277
707
281
281
281
281
136
137
138
139
140
141
142
143
305
306
307
308
-1
672
673
674
675
676
677
678
679
680
248
209
210
211
158
159
160
161
274
378
379
380
381
382
383
384
385
446
458
253
115
137
458
127
159
160
161
158
281
518
519
520
521
