371
462
463
461
462
463
464
459
460
461
462
463
464
464
464
464
464
464
462
463
892
463
464
462
463
891
463
464
870
463
464
464
464
464
464
876
877
463
464
464
464
464
464
464
464
464
430
431
432
433
881
463
464
464
135
463
464
445
-1
-1
475
476
477
478
479
480
481
482
483
484
485
486
487
488
489
490
491
492
493
494
9
10
11
12
13
14
471
472
473
745
746
747
748
709
710
711
393
492
493
494
315
316
475
476
477
478
479
480
481
482
483
484
485
486
487
488
489
490
491
492
493
494
44
369
370
216
479
480
481
482
483
484
205
277
278
279
34
103
557
58
59
373
-1
-1
