759
760
761
762
763
764
765
766
767
153
154
586
587
791
223
797
36
37
44
45
838
839
840
841
842
843
844
46
47
48
111
41
133
134
763
764
765
766
26
36
16
17
18
9
13
740
741
134
36
26
1
2
490
491
208
715
51
52
502
14
17
18
19
17
18
831
16
18
817
818
819
820
821
822
823
824
19
17
17
18
768
16
595
596
502
17
18
19
17
17
18
811
812
813
814
49
830
831
832
833
834
-1
483
484
485
484
442
331
518
519
520
579
248
579
473
440
311
247
484
485
549
311
691
128
387
484
485
12
248
691
548
549
580
129
799
88
548
549
692
527
528
379
109
-1
