164
228
119
78
78
78
103
78
103
78
103
103
30
8
103
103
8
119
164
103
119
103
103
103
240
109
240
8
103
119
78
78
119
119
30
78
78
78
78
78
78
103
103
103
78
203
78
78
112
119
78
103
78
78
119
103
103
103
112
78
203
240
134
134
103
103
8
103
103
103
103
8
8
112
8
103
112
112
112
112
112
78
78
8
30
103
224
170
8
8
228
119
78
103
103
78
101
103
103
78
30
30
8
78
78
8
78
78
134
78
103
103
78
203
203
203
103
78
109
240
203
78
78
78
203
203
146
78
41
41
78
78
103
103
240
240
41
30
30
103
240
78
240
203
30
228
203
78
101
112
30
119
103
103
103
8
78
103
78
30
78
78
103
119
228
203
78
228
8
203
203
112
203
224
224
103
103
228
103
103
78
119
224
224
224
224
164
164
119
119
119
119
119
119
119
119
119
78
103
164
228
78
170
8
103
119
119
119
119
30
170
64
0
170
78
119
170
0
134
180
53
101
75
