32
21
21
21
21
21
21
40
39
21
21
21
21
40
21
32
32
40
40
32
32
21
32
32
32
32
21
21
32
32
32
21
40
32
32
32
32
32
32
32
32
32
32
32
32
32
21
21
21
21
21
21
39
32
32
21
21
40
39
21
39
32
40
55
55
23
42
42
42
40
55
40
40
39
42
42
40
40
39
39
40
23
10
14
17
17
40
40
40
40
40
40
40
40
40
39
39
39
21
21
55
21
21
21
40
39
32
32
40
40
23
40
23
21
40
40
21
23
23
23
55
55
23
21
21
21
55
23
1
40
1
40
21
23
55
21
21
39
40
23
40
32
32
21
21
21
40
21
21
21
21
21
21
21
42
42
42
42
42
42
21
21
21
42
39
39
40
21
40
40
40
21
21
42
42
42
42
40
21
21
21
21
21
21
39
40
32
21
21
32
21
32
32
32
32
21
32
40
55
55
40
21
55
40
32
32
32
32
39
39
42
32
40
39
42
21
40
40
40
21
39
