185
180
150
21
21
150
34
21
21
180
180
8
34
8
21
21
180
113
113
113
113
4
113
113
113
113
183
183
8
113
8
113
113
113
180
104
185
97
183
55
8
113
235
113
4
113
4
4
4
4
4
4
4
4
172
102
180
102
235
187
104
104
97
172
4
4
172
102
102
172
172
102
64
103
103
103
187
183
104
183
11
11
180
4
180
113
113
113
55
235
218
55
187
187
187
8
8
235
235
178
150
180
180
180
172
97
172
235
64
64
4
8
8
8
113
8
183
203
97
180
183
55
104
180
21
172
97
103
183
8
150
180
8
8
8
8
8
8
113
8
8
8
113
8
8
8
8
8
8
150
150
150
8
8
8
8
8
8
8
