425
425
425
425
100
101
8
425
426
389
390
169
170
171
676
357
358
359
610
611
610
611
590
591
591
392
98
397
610
611
98
397
392
359
391
392
610
612
207
612
207
392
392
612
280
281
397
392
611
611
610
611
98
425
425
426
359
612
609
610
680
681
682
683
684
685
686
300
301
238
239
240
205
206
332
333
172
173
29
280
280
29
0
1
680
681
682
683
684
685
686
684
29
280
206
207
29
606
607
608
609
-1
29
280
29
29
29
29
29
29
280
29
29
280
29
280
280
280
29
29
29
29
29
280
29
280
280
280
29
29
29
280
432
165
280
280
280
280
29
29
206
207
-1
-1
