640
641
71
214
215
216
217
252
307
308
623
71
141
-1
634
635
636
637
638
639
640
641
419
543
543
543
590
638
639
640
590
616
617
618
619
620
621
622
623
338
395
396
397
281
208
358
627
628
394
395
396
397
637
638
670
671
389
71
329
-1
21
22
23
667
668
470
668
470
668
471
586
334
330
331
116
669
670
470
471
260
614
218
469
470
471
238
337
33
34
470
471
528
585
586
676
207
360
361
362
349
-1
-1
469
470
668
668
668
470
470
470
470
470
470
668
668
668
470
668
668
668
668
668
668
668
111
34
668
668
111
112
34
668
668
470
668
470
668
668
669
670
142
34
111
589
