422
423
423
442
442
423
442
423
423
442
423
442
423
423
442
423
442
442
423
423
423
442
423
423
423
442
423
423
442
443
577
442
423
668
669
442
442
442
442
442
423
423
442
390
391
426
426
628
629
630
631
423
423
442
363
364
365
366
-1
-1
473
474
475
45
46
536
564
563
41
463
464
59
60
294
142
95
273
143
107
108
594
149
150
594
27
454
455
473
150
60
664
670
670
450
215
515
1
670
1
1
48
49
428
429
430
431
432
433
434
435
436
437
238
239
240
241
363
364
365
366
367
368
526
527
528
608
436
437
641
642
367
368
367
368
626
359
98
590
590
522
523
524
525
-1
