57
57
57
57
112
30
109
228
78
78
78
78
78
78
78
78
78
8
78
78
78
203
103
78
203
224
78
78
78
134
41
78
78
78
119
240
78
78
78
78
112
112
103
30
78
78
103
103
103
78
8
8
78
8
103
8
8
103
240
103
103
8
134
86
240
75
134
70
240
103
103
149
202
101
101
86
7
134
101
101
101
161
224
86
161
55
57
164
30
228
134
161
161
103
78
103
30
202
103
103
224
7
160
161
161
247
69
247
112
112
8
78
78
161
8
224
188
103
103
119
55
224
224
240
69
69
105
69
69
41
41
193
39
53
41
134
109
86
224
78
101
103
78
103
103
228
103
103
103
78
103
103
240
119
103
78
202
8
78
78
8
8
103
8
78
8
119
119
78
103
103
240
119
103
103
240
105
103
103
134
78
202
103
103
103
103
119
103
103
119
103
103
103
119
103
103
8
240
86
78
8
103
119
103
119
119
103
103
103
119
119
119
103
119
119
103
103
103
103
103
103
103
103
103
103
