9
35
10
10
10
10
10
10
10
10
40
21
9
47
47
39
21
47
47
47
39
39
21
58
47
39
39
40
32
32
32
32
32
32
40
21
21
21
21
39
39
39
39
39
32
40
21
21
21
21
40
40
21
21
21
21
21
55
23
21
21
21
21
21
32
40
21
21
21
21
21
21
40
21
40
40
40
32
21
21
21
21
21
21
21
21
21
21
21
21
21
23
21
21
23
9
47
9
23
9
35
21
21
32
32
21
21
21
40
21
55
40
21
32
32
32
21
40
32
32
32
32
21
21
21
55
40
21
32
21
21
21
32
32
32
21
32
32
40
40
21
21
21
24
23
55
10
10
10
18
14
40
21
40
40
40
21
21
40
40
40
40
40
40
40
40
40
40
40
40
21
55
40
40
40
40
40
55
21
21
21
40
21
40
21
23
23
23
24
10
10
10
18
58
10
58
35
55
35
35
10
10
18
18
35
10
10
58
9
9
9
10
19
58
58
10
18
39
21
21
39
39
32
40
40
32
21
