180
104
4
4
180
172
97
172
180
180
4
180
180
97
172
225
4
172
180
4
180
97
185
150
8
150
180
180
180
180
180
231
172
204
61
172
102
102
183
113
61
103
97
4
180
4
113
97
104
113
113
4
113
183
180
180
104
102
102
4
102
4
233
4
4
172
102
172
193
225
241
187
8
8
8
8
8
8
8
8
8
8
8
8
8
113
21
113
113
8
113
113
113
113
113
113
113
113
21
8
113
21
8
8
8
8
8
8
8
8
8
8
8
8
113
8
8
8
113
8
113
231
241
59
197
195
8
195
61
61
231
97
11
10
113
11
225
185
21
97
102
233
233
8
113
4
203
225
103
233
113
113
113
113
97
102
180
113
183
180
172
97
