180
180
180
55
55
86
78
78
224
224
224
84
146
41
146
109
203
203
203
203
78
119
119
78
78
78
78
78
112
112
78
78
78
78
78
78
78
78
78
203
203
8
78
78
203
224
112
112
203
203
203
203
78
109
134
78
8
78
78
78
119
119
119
119
119
119
119
119
119
119
119
119
119
119
119
119
119
119
119
78
119
78
78
78
119
119
119
119
119
119
119
119
78
119
119
119
228
78
78
78
203
203
203
203
203
203
112
203
203
203
224
224
224
203
203
203
203
203
224
224
224
112
203
203
84
203
203
203
203
203
203
203
78
203
203
203
203
203
146
203
203
203
