975
975
1009
1009
1010
1496
1497
1023
387
388
389
390
391
392
393
394
395
714
316
317
408
449
231
448
449
701
702
703
704
350
342
344
407
408
1068
226
356
371
372
329
441
285
411
1507
682
683
155
425
426
412
698
699
160
714
991
37
719
262
236
-1
29
30
31
672
115
758
759
271
980
981
1514
1515
521
552
553
953
1008
1365
750
751
955
953
969
1484
1485
964
1357
1000
1504
1505
1517
421
972
973
606
117
434
562
1112
1113
1114
-1
257
99
1465
972
973
1387
1312
1351
259
260
261
741
742
964
761
762
1248
223
224
225
1086
770
771
218
455
456
1367
455
456
342
343
1332
1333
738
418
419
270
1509
701
702
584
-1
1025
1026
444
428
1125
252
1115
497
412
444
1115
535
560
561
117
144
164
405
406
698
699
186
197
667
184
753
754
1067
155
25
26
0
1
2
535
513
429
430
431
432
163
549
222
223
224
225
1
2
225
1071
502
11
225
561
1124
147
167
1509
659
660
17
225
1
225
754
561
11
6
225
1069
1070
1071
225
996
1071
1527
1528
1529
190
52
53
54
428
429
