32
33
34
35
36
37
38
39
40
41
42
104
105
106
107
108
109
110
111
112
113
114
115
116
275
276
277
278
279
280
281
282
283
284
285
286
287
288
289
290
291
292
293
294
295
296
297
298
299
300
301
302
1112
52
513
514
431
642
-1
-1
470
471
472
473
1294
1335
1478
1479
1480
1379
1044
1045
1046
1442
1443
1147
1148
1442
1400
1401
1402
1403
1404
1405
1406
1407
1408
177
978
979
1510
1511
1258
1259
1260
1261
1032
922
770
771
-1
-1
31
32
33
34
35
36
37
38
39
40
41
42
54
55
56
307
308
309
310
311
756
757
758
759
760
761
762
763
43
1068
240
241
242
243
244
245
405
193
-1
-1
-1
-1
464
465
466
467
381
382
383
360
361
1510
1511
688
689
1273
1274
1275
1276
1277
1510
1511
383
189
464
688
1440
1211
1212
1213
1510
394
395
189
733
734
743
744
745
746
1523
688
-1
-1
378
379
380
381
330
331
991
539
1111
1112
1487
981
1003
1245
137
1294
1229
1230
1231
1454
1455
1456
689
219
649
650
983
342
343
1224
1391
1392
1393
1394
1395
1396
1397
1398
1399
1400
1401
1402
