1274
1275
1276
1277
983
1405
1260
1261
1277
1394
156
157
1497
1499
1508
1509
638
1499
1479
1508
1509
1482
442
1525
1479
1509
1482
200
557
939
940
941
933
934
558
1065
1066
1067
1068
199
773
767
1009
773
768
960
157
145
146
147
714
987
159
160
161
162
163
544
601
-1
627
628
629
630
631
1011
1012
1013
304
305
306
307
308
478
1020
1021
1022
1023
557
990
631
632
633
634
635
636
390
391
392
393
394
395
123
124
653
1513
529
1005
487
488
529
472
1068
1069
988
989
990
352
353
158
159
154
1029
1018
932
933
934
990
244
988
989
957
958
990
376
377
171
156
157
989
990
351
352
956
957
958
990
958
959
960
986
170
274
275
537
538
182
536
1350
456
1247
1248
1358
261
996
997
998
207
208
254
1052
1053
1054
1055
1056
1057
1058
1059
1060
1061
1062
680
502
156
206
998
999
1000
1112
398
387
388
1019
1020
1021
411
135
136
137
533
238
979
980
1247
1406
1407
1262
1333
269
270
1200
1316
980
1278
716
1229
1230
1231
1232
1435
1436
1076
1040
1390
1391
1392
1393
1278
115
116
117
285
772
768
1012
1089
1011
990
