148
149
150
151
152
153
154
766
564
565
470
564
565
512
109
110
38
285
513
388
469
519
520
521
2
3
4
5
6
7
8
9
10
123
124
301
302
26
758
805
2
3
678
679
680
681
682
683
684
685
686
687
688
689
690
711
712
713
714
671
342
197
198
199
200
201
202
203
1060
683
684
-1
1070
1071
1072
1073
1074
1075
505
844
1025
718
1035
1036
836
321
322
164
215
216
775
456
208
209
210
868
869
490
491
763
766
204
107
108
109
110
111
112
113
114
115
116
391
729
730
451
552
553
554
555
556
557
184
185
201
202
203
696
721
722
545
546
79
80
81
82
83
84
85
110
429
430
431
432
433
434
520
521
190
89
151
7
8
9
10
688
689
690
691
692
693
-1
