82
83
84
85
3
4
5
6
7
8
9
289
290
291
304
305
729
112
317
272
243
330
331
332
305
306
111
514
831
366
82
83
84
85
88
89
529
117
127
434
487
39
690
691
692
693
694
173
174
83
84
85
477
357
387
519
520
514
82
83
84
85
305
10
481
482
969
351
352
353
804
24
102
103
104
105
106
107
108
109
110
111
112
94
706
707
708
709
539
154
313
157
543
176
80
156
157
404
405
520
521
522
137
138
139
140
969
831
890
1077
271
506
507
322
1057
894
889
894
505
745
719
720
1086
459
460
461
980
98
718
719
917
879
301
302
303
304
305
306
307
308
309
310
311
9
135
761
762
94
772
203
204
205
448
181
1084
725
726
132
260
296
789
-1
