314
315
316
317
236
164
152
323
266
267
268
269
270
462
151
254
1068
1069
273
274
275
462
752
711
11
695
261
262
263
264
265
97
170
94
738
739
40
80
81
473
738
50
229
230
22
1086
37
89
184
287
288
289
15
339
485
486
518
365
350
351
350
351
116
130
1088
318
40
377
841
254
551
552
162
18
45
23
537
35
35
28
162
26
162
35
11
12
33
87
88
11
12
88
42
85
92
42
85
433
33
11
12
33
45
35
162
537
537
26
23
11
11
23
35
11
12
35
26
11
12
11
12
98
720
792
577
743
0
743
382
738
98
176
413
414
391
800
258
752
33
89
90
127
172
11
12
93
-1
254
57
127
128
92
84
85
89
90
209
338
339
485
467
229
