693
694
695
751
2
3
707
707
707
33
695
751
1
1
716
33
716
695
751
707
751
716
1
694
695
751
707
707
694
695
1
716
716
694
695
33
716
707
707
707
33
752
750
751
694
2
2
3
707
751
694
2
3
1
58
2
3
751
-1
-1
396
397
398
399
513
398
399
678
281
80
112
648
649
213
236
385
256
359
80
751
752
497
358
359
1064
44
45
678
690
104
105
748
235
236
649
287
157
213
398
399
136
352
1033
254
255
1077
1023
354
496
683
684
968
519
709
710
711
712
715
716
1
752
726
693
694
14
260
261
694
695
14
857
693
694
695
716
33
751
694
695
299
2
3
-1
-1
