1038
1039
1040
1
1321
1039
1040
1041
1042
1043
1044
1060
1149
1150
1151
3
4
294
1150
3
1030
31
510
681
24
25
2
1149
1150
3
294
1045
978
303
304
449
1521
2
3
4
999
1000
1040
1041
1042
1043
1044
1045
90
1516
1517
0
1
93
110
111
93
519
91
1059
829
830
830
830
830
1484
829
830
830
830
830
830
830
830
28
27
830
830
830
830
830
830
830
830
830
830
1484
829
830
830
830
830
830
830
830
830
830
830
830
1286
1049
-1
42
43
44
45
46
47
48
49
50
51
306
307
148
740
741
742
743
744
745
746
747
748
749
750
751
752
753
45
682
683
684
685
38
1062
1000
740
741
742
743
744
745
746
