327
328
329
330
331
332
1433
1434
1221
1222
1223
1224
1225
1226
1227
1459
1175
1176
1177
1178
1179
1180
1181
1182
1183
867
868
869
870
871
872
873
874
875
876
877
878
864
865
866
1390
1391
1392
1393
1394
1395
1396
1397
1398
1399
1400
1401
1402
1403
1210
1211
1241
1242
-1
-1
154
155
156
157
104
318
214
215
677
678
965
956
511
512
1026
1027
1528
1529
285
286
287
1072
551
387
1070
996
997
998
718
719
720
721
792
223
224
98
585
586
1069
482
483
484
18
19
20
21
22
23
24
25
26
935
997
359
360
992
993
994
1447
1448
1449
25
26
1460
1461
1462
1463
21
22
23
24
25
26
918
1361
925
926
927
297
298
299
300
301
302
