1808
1809
1810
1069
730
731
732
443
444
445
446
655
656
657
658
659
660
661
662
663
664
665
666
667
668
282
1348
1247
1252
306
307
308
309
189
358
2022
2023
1054
1055
1056
1057
1058
1059
1060
857
856
190
191
192
1209
523
855
856
358
908
909
610
611
817
-1
268
269
270
271
272
273
274
275
276
277
278
279
280
1270
652
680
681
682
683
684
685
686
687
688
406
407
408
409
227
228
536
537
681
682
683
684
685
686
687
688
1129
1130
1489
1490
1491
1492
1493
524
525
526
209
1716
404
260
470
471
1654
1489
1490
836
1731
1295
803
1156
48
1654
769
836
837
144
23
441
442
803
1011
492
858
1440
872
142
97
14
19
1827
