757
758
759
449
450
899
601
885
743
759
899
1088
1089
1090
1091
1092
1093
1094
1095
1096
1097
977
978
979
980
981
982
983
669
670
671
672
1109
1110
1111
1112
1113
1114
1115
1116
1117
742
743
449
967
968
969
743
830
572
1806
1807
1808
1809
192
297
926
1078
1079
1080
170
171
172
173
174
175
176
177
178
179
180
1499
1500
1501
178
179
313
392
170
171
172
173
174
175
176
177
178
179
959
38
1642
1643
1644
248
1575
246
247
248
692
1555
1255
-1
757
758
759
392
724
725
450
899
899
817
724
725
829
817
964
963
964
899
1088
724
725
817
818
249
963
964
170
171
448
449
450
1070
1071
1421
1422
1520
1521
1522
1645
299
300
-1
