1482
1380
629
1919
1792
1919
1822
1823
1824
1825
1826
1002
1807
1808
1809
1810
1811
1824
1825
1826
1827
2008
2009
2010
2011
2012
2013
2014
883
884
885
2011
681
682
683
684
685
885
2015
2016
2017
2018
2019
2020
1140
1816
1817
1818
1970
2003
1978
1979
2027
2028
1
408
1830
753
-1
-1
2015
2016
2017
2018
2019
2020
2021
2022
2023
2024
2025
1
2019
2020
1
2
2002
2003
1
2
935
73
2010
2011
2012
461
8
9
10
1825
1826
1
1804
1805
1172
590
701
1206
1494
1907
1908
860
2011
893
894
895
896
897
885
2025
2028
2029
884
885
242
1690
1691
1692
1392
664
1494
1309
1310
1311
466
2
-1
0
1
440
1785
1786
1787
1789
254
939
940
1859
1482
751
752
159
1190
-1
