75
119
75
75
3
3
119
119
119
119
119
119
119
119
119
119
119
119
119
119
119
119
119
119
119
119
119
119
119
119
119
119
119
119
119
119
119
119
119
78
119
119
119
119
119
119
119
119
119
119
119
119
119
78
119
119
119
119
119
78
78
78
78
203
78
78
78
78
78
112
57
57
112
112
112
112
78
78
78
78
78
78
203
112
203
112
78
78
224
112
112
112
112
112
112
224
112
112
112
112
119
119
119
78
119
119
119
119
119
119
119
119
119
119
119
119
119
119
119
119
119
119
119
119
119
119
119
119
119
119
119
119
119
119
119
119
119
119
119
119
119
119
