469
465
465
538
539
540
540
540
430
465
539
540
465
139
137
139
260
260
260
260
260
428
473
469
465
430
431
393
430
548
379
380
465
421
415
473
473
423
260
260
516
139
473
379
379
379
379
379
386
421
465
465
355
465
422
423
539
540
539
386
139
139
516
256
260
260
260
137
138
473
134
260
260
260
260
260
260
260
260
260
261
415
540
503
260
260
139
260
260
260
260
137
357
358
260
139
139
430
266
267
358
-1
551
552
379
379
379
380
423
540
539
379
538
539
379
379
538
539
540
420
385
419
139
138
403
379
379
379
260
260
261
358
553
557
465
556
557
558
559
560
561
254
334
-1
