545
546
547
548
93
259
260
261
37
36
37
257
256
37
36
37
261
36
37
261
261
37
37
37
37
36
37
261
262
254
37
37
94
142
35
36
37
261
262
263
93
138
435
433
437
437
382
382
406
443
443
400
438
382
406
406
406
433
-1
-1
256
314
35
36
37
261
37
261
37
36
37
261
261
36
37
261
37
37
261
36
37
36
37
261
261
261
37
37
37
333
35
36
37
261
37
37
37
36
37
333
260
261
437
437
437
437
437
437
437
437
437
437
437
437
433
449
437
437
449
611
142
314
138
139
333
94
333
333
334
333
314
94
516
413
414
94
333
334
260
261
262
263
-1
-1
