227
228
229
230
266
390
386
450
405
406
404
405
406
405
406
450
404
405
406
450
438
416
417
438
438
438
439
450
405
406
404
405
406
404
405
438
438
439
405
406
440
454
406
438
439
450
450
450
438
439
455
456
76
466
405
406
438
-1
-1
-1
564
565
566
567
568
569
570
571
572
573
574
575
576
577
578
579
580
581
582
583
584
585
586
587
588
589
590
591
592
593
594
595
596
597
598
599
600
601
602
603
604
605
555
556
557
558
559
560
561
562
260
317
556
557
558
419
420
93
94
38
36
317
605
332
333
334
335
558
429
404
405
406
451
452
330
331
332
333
415
35
36
37
38
-1
