426
427
428
144
145
146
147
148
149
150
151
152
153
1292
1293
1294
1295
1224
171
1323
966
1296
990
1250
1561
1635
1636
1637
1307
1308
1309
1310
1313
353
1081
1082
450
451
796
797
760
1133
1287
1100
1313
533
1280
1281
1282
1283
13
14
15
528
177
810
1694
626
-1
-1
323
324
325
326
1013
1014
445
1520
1614
926
927
1248
1249
1250
918
1013
1520
1519
1015
1459
657
1015
1459
325
338
1562
1580
337
775
776
733
734
1586
1581
1586
343
656
657
658
659
335
336
446
447
448
450
534
597
1308
775
776
443
444
775
450
1562
1563
1070
1071
1322
1323
1639
407
408
409
410
411
1233
1234
1235
1236
1237
1238
1701
1702
1703
1704
1705
1706
1707
1708
1709
1710
1711
