520
215
215
678
215
789
461
535
556
-1
556
524
525
-1
901
902
526
1181
1141
1603
320
595
1093
1400
1432
1433
1434
552
324
1128
1129
1130
321
322
803
804
763
764
761
1202
345
1081
225
31
1542
717
556
678
556
1403
1404
813
814
599
600
557
556
535
-1
-1
228
60
60
60
228
60
228
228
60
60
228
228
228
60
60
60
60
228
228
228
228
60
228
228
228
228
60
31
32
402
-1
1130
1131
228
60
135
136
807
-1
60
32
599
670
671
672
673
1058
64
1693
1232
1202
671
465
974
975
1279
1216
983
1070
907
908
909
910
1301
1101
1102
989
990
1089
1090
1091
1092
929
465
671
934
463
464
465
515
931
932
1311
-1
