209
1422
1423
1029
684
450
781
782
616
207
786
678
679
1422
415
416
417
418
907
1232
1233
1234
543
1645
417
1648
1354
1355
1356
1357
561
1204
68
381
668
361
362
363
364
365
366
367
1642
1106
1107
1395
1396
1397
1398
1399
1392
1393
163
1379
1380
409
410
64
65
-1
1700
1701
1702
1703
1704
1705
1706
1707
1711
1712
1713
1714
1715
1716
1051
1052
1099
8
1258
1259
1260
1728
1729
1730
1731
1732
1733
1734
1735
1736
1737
1738
1243
1071
916
1338
1242
1243
36
1
2
1706
1197
994
1076
1077
1078
154
857
63
932
723
1637
1322
1345
472
1096
1036
912
913
914
1674
884
874
837
824
1316
1317
381
228
229
230
809
1692
670
671
672
673
864
892
644
591
592
1032
