224
78
78
78
103
149
78
240
134
149
78
103
103
8
8
103
103
8
78
78
78
78
78
103
103
78
112
112
203
203
203
112
112
112
112
203
203
203
203
203
112
112
112
112
8
119
119
119
119
30
78
103
103
103
112
78
8
119
103
134
203
203
203
203
203
203
240
170
224
224
203
112
8
8
224
112
112
112
112
112
112
240
203
240
86
240
134
240
8
240
78
78
8
119
103
103
112
78
103
78
78
119
119
119
119
119
119
119
119
119
119
119
119
119
119
119
119
119
119
119
119
78
119
78
119
103
119
119
119
119
119
119
119
119
119
119
119
119
103
8
119
119
119
