203
203
203
203
203
203
203
112
8
134
78
240
134
203
112
112
119
119
203
112
203
112
103
119
103
78
78
103
103
119
8
134
134
103
30
203
240
203
203
203
203
8
103
103
203
78
78
78
240
119
240
30
203
203
203
203
224
240
30
203
203
78
103
119
8
224
224
203
146
240
134
103
30
112
203
112
103
134
8
78
78
78
203
109
109
224
224
146
134
146
188
30
203
203
203
240
8
112
112
112
112
119
78
78
240
203
203
57
203
203
203
203
224
78
203
203
203
112
78
78
8
134
240
240
134
109
134
78
112
8
119
78
78
78
78
78
78
78
119
78
119
119
