5
5
5
5
5
5
5
5
5
5
5
5
5
5
5
5
5
5
5
5
5
5
5
5
10
10
10
10
10
10
10
10
10
5
5
10
10
10
10
5
5
5
10
10
10
10
10
10
10
10
5
5
10
10
10
10
5
9
10
14
14
14
14
14
10
14
10
14
3
3
3
14
3
3
14
14
14
10
14
14
14
14
14
14
14
14
14
14
3
14
14
3
3
14
14
14
14
14
14
3
3
3
3
3
3
3
3
3
3
3
3
3
3
3
3
3
3
3
3
3
3
3
3
3
3
3
3
3
3
3
3
3
3
3
3
3
3
3
3
3
3
3
3
3
3
3
3
3
3
3
3
3
3
3
3
3
3
3
3
3
3
3
3
3
3
3
3
3
3
3
3
3
3
3
3
3
3
3
3
3
3
3
10
10
10
10
10
9
9
9
5
13
13
13
10
10
9
2
9
5
13
13
13
13
13
3
3
3
9
9
2
9
5
9
3
9
10
10
10
10
13
3
3
