164
119
164
119
119
164
103
119
164
164
119
119
119
119
119
119
119
119
119
119
119
119
119
119
119
119
119
119
119
119
119
119
119
119
164
119
119
119
119
119
119
119
164
119
119
119
119
119
78
119
119
119
119
119
119
119
164
164
228
30
203
78
78
78
30
78
30
30
203
203
84
146
41
41
247
156
30
112
240
203
41
112
30
240
146
99
41
109
145
41
180
41
0
145
30
75
78
30
103
78
75
228
228
112
228
112
78
8
112
8
8
30
78
78
78
78
134
203
203
203
203
224
101
101
78
78
78
202
103
78
78
8
202
134
8
103
240
134
134
134
134
224
119
119
119
119
119
119
119
119
119
119
119
119
119
119
119
119
119
119
119
119
119
119
78
119
119
119
119
119
119
119
119
119
119
119
119
119
119
119
119
119
119
101
101
7
53
53
29
53
53
75
8
53
75
101
224
57
119
101
101
134
235
224
224
101
75
101
12
86
224
70
70
55
12
101
101
101
101
33
8
8
7
55
101
