39
9
9
60
58
60
18
60
9
58
58
21
21
18
39
39
21
21
58
58
58
58
58
58
9
9
9
10
18
58
58
58
58
21
21
10
58
58
58
58
58
19
58
18
35
9
10
35
35
35
9
9
35
35
58
10
35
58
58
19
36
36
36
36
36
36
35
36
36
36
36
36
36
36
36
36
36
36
36
36
36
36
36
36
36
36
36
36
36
36
36
36
36
36
36
36
36
36
36
24
55
42
40
40
40
40
23
23
23
17
14
55
21
1
1
1
48
21
21
21
40
40
40
23
39
32
40
39
39
32
32
32
21
21
21
21
21
40
40
39
21
21
21
21
40
21
21
21
21
39
21
21
21
39
32
32
32
32
32
32
32
32
32
32
32
32
32
32
32
32
32
32
40
32
32
32
32
32
32
32
32
21
1
1
1
1
1
1
1
1
1
1
1
1
1
1
1
1
1
1
1
1
1
1
1
1
1
1
1
21
1
21
1
1
1
1
40
1
