241
150
8
8
8
8
8
8
8
8
8
8
8
8
8
8
8
8
8
8
8
8
8
8
8
8
8
8
8
8
8
8
150
8
8
8
150
102
8
55
55
8
231
113
150
8
8
113
180
97
180
150
21
180
150
150
21
233
203
183
113
183
8
113
113
183
113
10
218
21
97
55
113
113
10
10
11
235
127
164
97
10
10
10
180
150
150
150
183
113
8
4
11
233
11
180
21
97
113
11
8
231
8
150
233
97
97
21
55
55
97
195
55
97
11
183
103
97
10
113
55
223
71
100
100
71
55
195
64
97
11
231
55
8
8
8
8
113
8
113
113
113
113
97
113
113
113
150
113
113
180
113
113
183
180
97
183
113
113
21
61
235
