428
429
430
431
432
591
592
593
432
351
673
674
675
676
521
20
21
22
23
24
22
23
24
507
508
3
4
5
6
7
8
9
10
462
463
5
6
7
8
9
10
24
25
26
27
4
5
6
7
8
9
10
488
489
10
24
240
6
-1
-1
635
636
637
638
639
615
421
390
440
610
676
677
678
679
680
500
603
590
591
592
593
592
593
501
584
615
562
571
500
501
591
592
593
631
572
367
368
380
498
225
550
588
240
241
242
243
232
233
234
9
25
232
233
246
238
502
231
502
552
502
236
237
238
233
242
243
238
242
536
243
502
24
25
502
502
236
237
238
242
552
502
12
-1
-1
