241
500
451
452
486
487
488
489
500
501
411
412
405
631
632
633
634
635
583
584
585
13
584
585
517
429
430
440
441
428
429
430
431
432
429
451
452
405
582
583
584
585
601
427
428
429
430
431
432
26
582
583
584
585
631
611
532
533
535
-1
452
453
22
2
7
8
9
10
11
12
13
14
15
16
25
26
517
501
9
10
11
15
416
432
415
22
577
15
16
23
585
415
540
453
18
416
14
15
16
581
582
468
241
242
242
242
626
627
241
242
429
430
627
537
537
241
242
242
242
12
13
14
15
540
453
595
241
-1
526
597
598
540
578
538
539
1
2
21
-1
-1
-1
-1
-1
-1
