21
21
21
21
21
39
21
21
21
21
21
21
21
21
21
21
21
21
21
21
21
21
21
21
21
21
21
21
21
21
21
21
21
40
40
32
32
32
21
21
21
21
21
21
21
21
21
21
39
39
39
39
39
21
21
40
42
42
14
40
56
24
35
24
17
24
56
56
56
40
56
56
35
19
14
14
40
40
40
40
55
21
55
55
55
21
55
55
55
55
55
61
23
23
14
55
55
35
35
35
32
32
32
32
32
32
32
32
32
32
32
32
32
32
32
32
32
32
32
32
32
32
32
21
21
21
40
40
40
40
40
40
40
40
40
40
40
39
39
61
55
61
61
61
61
61
48
61
55
21
55
40
21
61
40
40
23
48
40
40
32
32
32
21
21
40
40
32
39
23
40
21
23
40
40
40
32
32
32
32
40
55
21
21
21
23
40
21
23
55
21
40
32
23
10
56
40
40
21
40
40
40
21
40
40
21
40
23
40
40
21
21
21
55
40
40
40
55
21
32
40
55
55
55
23
55
55
14
24
23
55
24
55
55
55
24
23
18
54
55
21
61
61
40
55
39
21
40
40
40
40
55
40
55
55
55
21
21
21
55
55
21
21
21
21
55
39
39
39
40
40
39
39
40
39
32
32
21
21
21
21
39
39
21
21
21
40
39
39
39
39
40
40
21
21
21
21
21
21
21
21
39
21
30
47
47
47
39
39
39
39
39
30
39
39
21
21
21
21
21
21
21
21
39
21
21
21
21
21
39
39
39
21
39
39
40
40
39
32
40
40
40
32
32
21
21
21
21
21
21
21
55
21
21
55
55
55
55
55
40
39
21
21
55
21
39
55
55
55
21
21
40
40
55
32
40
21
21
21
40
21
21
21
21
21
21
30
30
30
30
30
30
30
30
30
30
30
30
30
30
30
30
30
30
30
30
30
30
30
30
30
30
30
30
30
30
30
30
30
30
30
30
30
30
30
30
30
40
40
21
21
21
32
21
21
40
40
21
21
21
21
40
40
40
32
32
32
32
21
40
32
32
32
32
32
32
32
32
32
32
32
40
32
32
32
32
40
21
21
21
21
21
21
21
21
39
21
21
21
21
21
21
21
21
21
21
21
21
21
21
21
21
21
21
21
21
21
21
23
40
21
21
40
21
21
21
21
21
21
32
32
32
40
32
21
21
32
32
32
32
32
32
21
21
21
21
21
21
21
21
21
21
21
21
39
39
21
21
21
40
40
21
39
39
47
35
35
10
19
18
18
40
35
17
35
35
35
35
24
35
35
10
10
10
35
24
36
18
14
24
35
35
35
35
35
35
36
35
18
56
58
35
35
24
35
35
40
40
40
40
21
40
21
55
21
21
40
40
40
40
40
40
21
40
40
40
39
21
40
40
40
40
23
23
40
39
21
40
40
23
23
48
17
17
23
23
39
35
24
35
35
17
17
14
14
14
24
40
40
40
40
40
40
55
24
55
35
24
55
40
55
40
40
40
40
55
55
55
40
40
55
55
55
23
24
35
55
40
40
32
32
32
32
32
32
32
32
32
21
40
32
40
40
21
21
21
21
21
21
40
21
40
39
39
39
39
21
39
39
30
62
39
47
51
36
36
36
36
36
36
36
54
36
36
36
36
36
36
36
36
36
36
36
36
36
36
36
36
36
36
36
36
36
36
36
36
36
36
36
54
36
36
36
22
22
24
40
21
21
21
21
21
21
21
21
21
21
21
21
21
39
21
39
32
21
40
40
40
21
40
21
21
21
40
40
40
40
40
21
23
23
23
17
17
9
60
40
40
49
49
42
42
42
40
40
40
32
42
40
40
40
32
32
32
40
32
40
40
21
21
15
39
40
15
15
15
32
39
39
42
42
32
32
32
32
32
32
39
21
21
21
21
21
21
21
21
21
21
21
21
21
21
21
21
32
21
21
21
55
21
21
21
21
21
21
21
21
21
21
21
21
21
21
21
21
23
10
36
21
21
21
21
21
21
39
40
21
21
21
21
21
39
40
40
39
39
39
39
21
21
23
23
39
40
48
40
21
40
32
32
40
40
40
21
21
39
32
40
21
32
32
32
32
32
40
32
32
32
32
21
32
39
39
21
40
32
32
32
32
32
40
32
40
40
32
40
48
40
40
40
40
32
40
32
32
32
32
40
23
32
32
30
30
30
30
30
30
30
30
30
30
30
30
30
30
30
30
30
30
30
30
30
30
30
30
30
30
30
30
30
30
30
30
30
30
30
30
30
30
30
30
30
30
32
21
21
55
55
61
55
21
55
55
55
55
55
40
55
21
40
40
32
32
40
40
21
21
40
32
32
40
40
40
40
55
40
32
39
39
21
21
40
32
32
32
