109
203
203
78
78
103
103
30
30
78
119
119
119
119
103
30
180
180
180
193
84
203
224
224
78
240
134
203
203
240
224
41
203
41
134
109
8
180
112
112
103
105
240
149
202
78
109
224
112
8
8
30
78
78
203
78
30
103
78
119
119
78
8
8
119
119
119
119
119
119
119
119
119
119
119
8
228
78
112
224
224
224
224
224
101
228
8
164
57
112
112
78
119
240
240
78
78
112
224
8
164
119
119
119
119
164
164
119
119
103
103
103
103
103
103
103
103
103
103
103
103
103
103
103
8
103
103
103
119
103
103
103
103
103
240
103
103
103
103
103
103
134
103
103
103
103
103
103
240
69
29
220
220
101
30
134
109
240
41
75
103
78
78
8
202
8
55
180
55
144
235
112
78
103
240
78
112
112
112
57
8
30
78
240
112
86
103
103
119
103
119
103
103
119
78
103
78
78
134
146
69
193
78
41
69
145
105
161
41
203
134
109
78
78
78
119
103
103
103
78
228
103
86
8
78
78
78
134
8
8
119
164
228
8
164
228
228
228
240
228
8
8
101
8
228
78
78
78
119
30
78
78
78
78
119
240
86
8
8
78
78
112
8
119
8
119
119
103
103
103
78
103
78
119
103
103
119
119
119
103
78
240
119
103
103
240
170
228
228
103
103
103
103
103
103
119
103
103
78
78
8
134
103
119
103
170
161
224
224
224
57
57
147
147
147
57
147
164
147
224
224
112
57
164
164
147
147
112
112
147
112
228
112
112
101
234
153
153
144
78
103
8
103
112
78
78
224
112
119
119
78
119
119
119
228
8
119
78
78
119
119
119
103
8
78
8
134
8
103
8
8
8
103
134
112
8
8
119
228
112
119
119
119
103
103
103
103
240
119
119
103
103
103
103
103
119
119
164
112
240
109
109
240
240
235
69
134
55
119
119
8
103
103
103
103
103
103
103
240
134
103
119
119
119
78
164
119
119
103
119
119
103
8
119
119
228
228
8
78
30
164
164
211
164
228
119
119
78
119
228
224
224
101
202
134
78
78
103
103
78
78
8
109
134
8
119
119
103
103
103
224
224
203
203
203
203
203
203
203
203
78
203
78
8
103
224
147
147
224
78
78
78
103
78
78
224
224
224
57
78
78
8
78
78
78
103
78
78
78
240
188
146
146
99
39
105
23
201
146
146
146
84
39
201
99
99
0
39
39
7
224
112
119
119
119
119
119
119
119
119
119
119
103
78
119
119
78
119
119
119
164
103
78
119
78
103
119
78
103
119
119
78
240
240
119
78
78
78
228
112
112
78
78
119
78
109
105
103
119
240
203
30
228
240
44
69
70
70
134
119
103
103
103
119
119
119
119
119
119
119
119
119
119
119
119
119
119
119
119
119
119
119
78
78
78
119
119
119
119
119
78
112
119
119
119
119
119
119
119
119
228
119
119
119
119
228
164
112
8
103
103
119
55
112
103
103
119
8
103
134
119
119
119
103
8
112
78
103
134
240
109
134
228
228
228
240
105
240
109
240
103
119
78
8
8
103
8
8
149
8
8
136
164
119
119
78
78
103
240
103
240
84
203
203
224
112
224
224
84
41
134
101
224
224
224
224
224
224
224
112
78
119
203
146
0
203
203
203
203
53
109
240
8
53
53
109
109
44
193
220
193
161
103
134
160
189
161
15
161
161
39
7
7
86
220
103
23
145
30
39
160
39
177
23
193
188
39
70
69
44
99
87
87
212
212
212
212
212
212
46
212
212
212
46
53
212
212
212
212
212
87
79
12
87
211
212
212
75
87
79
79
212
212
212
212
212
212
87
87
212
212
78
78
78
30
78
119
164
164
57
224
78
78
103
203
203
203
203
119
78
203
146
84
112
112
30
57
203
224
112
164
164
164
8
164
164
164
119
119
119
119
30
119
119
119
103
119
103
103
103
119
103
103
103
103
103
119
103
103
103
103
119
103
119
103
240
240
105
240
240
105
119
119
112
103
103
103
103
228
57
57
164
164
103
103
103
55
57
57
30
103
103
240
240
240
146
240
57
57
224
112
224
224
180
75
101
101
161
119
119
8
224
224
224
55
103
103
103
134
101
8
8
78
119
103
8
149
109
70
8
202
30
8
103
240
112
8
134
109
228
30
78
103
78
78
101
234
103
8
228
112
112
103
103
75
103
86
240
134
69
240
170
41
103
134
119
78
202
224
112
112
112
78
103
103
103
78
78
103
103
161
78
78
78
119
202
78
103
202
103
78
78
134
8
134
30
202
240
103
103
203
203
224
203
134
134
103
224
8
8
70
8
30
240
149
101
78
203
203
228
112
112
86
57
101
112
112
30
228
134
101
8
8
8
103
240
240
234
8
134
