45
45
45
45
45
45
4
5
4
4
4
45
45
45
4
4
4
4
4
45
4
4
34
4
4
4
4
4
4
4
4
4
4
4
4
4
34
55
4
4
34
4
22
22
22
20
20
20
49
20
20
22
4
4
5
22
4
22
34
42
55
34
49
49
20
22
4
49
22
5
49
20
20
20
49
49
20
49
20
49
20
20
49
5
49
20
49
20
49
34
20
5
50
19
50
49
49
20
20
50
20
49
22
4
4
22
4
4
4
5
34
5
34
4
4
4
4
4
4
4
55
55
22
55
55
55
55
48
48
48
45
5
4
4
4
4
4
4
20
4
4
20
4
4
4
4
4
55
20
20
4
34
34
4
4
5
49
49
4
4
20
49
4
49
22
22
4
5
5
34
49
50
34
4
5
43
50
4
5
5
5
5
5
5
5
49
49
49
49
4
20
5
5
5
5
4
5
5
5
4
4
4
4
4
55
5
5
34
4
55
34
34
34
34
34
34
5
5
34
4
4
4
4
4
4
4
4
4
20
4
4
4
4
55
4
4
4
4
5
4
4
4
4
55
55
48
50
60
48
60
48
20
5
20
20
49
4
4
4
4
49
49
49
49
49
49
49
49
5
5
49
20
20
20
49
20
50
20
20
20
20
23
23
30
49
23
23
23
23
23
31
23
23
60
60
60
31
23
23
60
23
60
60
23
31
31
17
60
31
0
31
27
57
27
34
34
4
24
51
19
24
48
34
27
24
24
4
4
34
49
49
49
49
20
57
19
51
57
24
24
46
48
55
24
27
24
48
48
57
27
24
24
24
51
46
51
55
55
34
34
51
43
20
19
34
43
20
19
22
20
24
44
60
63
60
48
24
55
51
44
44
51
63
19
51
17
17
31
31
24
57
20
44
51
51
31
44
44
6
24
5
5
49
20
20
20
5
49
49
49
5
49
49
49
49
49
49
49
49
5
5
49
49
49
49
49
49
5
49
49
20
20
20
20
20
20
20
20
20
49
50
34
5
49
49
49
49
49
49
49
49
49
50
22
22
5
49
49
49
44
49
20
20
20
20
20
20
49
22
20
49
34
5
5
5
20
49
49
49
49
20
20
20
20
20
20
5
20
19
20
49
49
49
51
51
51
51
51
49
20
5
0
20
49
49
51
51
49
34
34
51
15
49
49
49
49
49
20
20
49
4
20
49
20
20
20
20
20
49
49
49
49
49
49
20
49
5
5
20
49
49
49
20
49
0
20
20
34
55
55
55
46
55
48
55
55
34
34
34
5
5
4
20
34
34
34
34
46
34
22
55
55
49
20
20
5
23
23
30
23
23
23
60
60
23
23
30
31
23
23
60
31
23
60
17
31
31
31
23
23
31
60
31
49
49
51
63
6
63
24
44
63
44
60
60
60
60
60
31
34
34
34
34
34
34
34
5
5
5
5
5
5
5
5
49
34
4
4
20
22
4
20
20
22
20
22
5
5
5
20
4
20
20
5
34
4
5
20
20
20
20
49
48
48
49
49
5
5
20
20
49
5
49
49
49
50
45
43
51
20
4
4
50
60
60
60
44
31
31
60
60
60
60
44
20
20
20
20
20
20
4
49
4
50
5
5
5
5
49
5
20
20
22
4
5
49
4
49
4
4
20
20
20
20
11
24
24
24
48
24
24
27
51
6
60
27
57
51
55
34
34
34
34
34
27
51
63
57
57
24
60
44
20
34
