215
103
11
11
11
11
11
11
11
11
183
11
4
11
11
11
223
223
223
184
188
183
11
223
187
100
203
11
11
195
195
61
184
100
84
184
223
223
247
223
223
83
225
212
141
97
103
225
225
225
212
212
180
172
4
225
4
4
225
225
172
225
225
4
225
225
225
97
180
97
212
19
8
8
8
8
8
8
8
8
8
8
8
8
8
8
8
113
8
8
8
8
8
8
8
8
8
8
8
8
8
8
100
100
164
164
100
71
247
64
19
19
223
223
223
125
52
223
71
52
223
184
52
52
11
4
11
125
223
11
52
11
4
4
4
225
212
116
180
8
8
8
8
8
183
183
97
103
103
97
183
183
97
8
97
183
8
4
4
8
11
233
8
113
233
183
97
187
231
187
197
187
104
102
116
241
104
104
4
183
183
113
113
8
102
235
8
235
64
90
8
11
4
4
4
4
225
212
102
4
4
4
104
180
185
225
4
4
172
113
203
172
67
212
225
225
97
116
203
21
4
180
102
180
102
4
4
4
180
4
4
4
102
97
97
4
180
102
97
97
97
97
97
97
183
97
113
172
4
4
235
10
11
10
8
4
113
113
113
113
8
183
113
113
113
113
113
113
113
113
113
21
113
8
8
113
113
113
183
113
11
113
0
8
184
223
100
64
70
84
183
183
8
21
100
100
223
164
184
61
164
184
11
100
100
71
61
70
71
193
207
243
150
113
21
150
150
180
113
150
21
113
183
113
113
113
8
113
113
113
21
113
233
8
8
8
8
113
183
203
102
113
203
225
4
113
8
4
203
203
78
103
4
4
4
97
4
4
4
4
183
233
203
197
183
203
233
235
97
233
199
70
116
172
172
180
180
97
225
116
4
4
180
4
225
180
180
180
225
116
185
185
180
104
104
104
150
180
212
180
4
225
8
8
8
8
8
8
8
8
8
8
8
8
8
8
8
8
8
8
8
8
8
8
8
8
8
8
113
8
113
8
187
19
172
97
187
11
225
183
187
183
187
97
180
4
52
11
102
97
97
4
97
180
150
187
203
103
187
97
180
97
241
241
102
97
8
150
150
180
180
150
8
4
180
4
4
4
180
180
141
102
180
180
102
97
203
187
187
187
150
235
103
180
183
180
180
180
180
8
180
104
113
180
4
180
104
4
180
180
180
180
8
21
113
21
8
4
8
233
231
84
21
4
4
4
113
183
4
21
113
183
113
203
203
97
11
187
97
97
231
102
235
180
150
180
83
83
254
84
243
71
254
150
150
183
243
183
195
195
84
195
188
203
187
185
97
184
83
0
0
8
8
8
8
8
241
104
104
180
185
180
212
241
104
104
104
104
150
150
104
241
102
225
212
212
212
212
116
185
61
203
203
225
4
225
139
141
141
3
67
193
41
19
153
41
41
172
125
41
41
172
100
52
238
193
93
153
141
3
106
178
207
67
93
223
8
8
8
150
21
8
8
8
8
8
8
113
8
113
21
21
21
113
8
8
8
21
235
113
113
113
150
8
8
8
8
8
8
8
8
8
8
8
8
8
8
8
8
8
150
8
8
8
113
8
8
8
150
150
180
180
180
116
225
19
204
41
193
125
195
193
141
67
193
196
196
196
67
207
100
122
122
122
122
185
150
4
0
103
103
235
0
0
0
11
61
71
61
62
11
11
11
223
52
11
11
8
188
11
64
64
20
11
11
11
11
11
