19
19
19
19
19
19
19
19
19
19
19
19
19
19
19
19
19
19
19
19
19
19
19
19
19
19
19
19
19
163
163
22
163
163
217
247
209
173
148
162
163
209
220
220
220
220
75
148
6
44
231
231
44
65
220
65
65
113
113
113
148
130
190
247
247
190
214
247
220
113
190
190
190
190
173
217
220
190
190
163
130
190
163
190
6
147
190
190
130
209
209
209
209
147
162
162
247
190
147
209
247
209
218
75
253
75
113
247
218
22
171
54
19
22
148
190
184
40
135
190
163
163
163
148
209
44
113
171
173
163
173
227
227
68
163
66
190
163
22
209
148
148
22
148
217
148
148
147
148
253
148
148
148
148
148
148
148
148
148
148
148
148
250
162
253
190
220
148
148
247
148
148
148
148
148
148
148
148
148
148
84
148
148
148
148
247
247
162
65
65
75
163
190
250
190
190
190
6
190
190
190
190
190
190
190
190
190
178
253
66
68
70
151
151
227
229
68
227
214
18
171
171
184
241
216
66
66
190
190
131
148
148
250
75
148
148
253
148
148
62
148
84
148
247
231
190
148
148
148
148
150
162
190
190
220
113
190
190
161
178
214
214
68
229
151
214
173
22
214
130
65
18
10
48
229
18
0
184
184
166
183
70
70
229
216
218
189
195
214
5
70
66
148
209
220
65
44
220
220
220
220
220
220
220
75
148
209
209
162
163
209
217
247
148
253
148
250
75
84
162
250
250
148
148
148
148
148
148
148
148
148
148
199
199
199
199
170
199
184
166
166
68
151
216
184
218
214
145
200
63
68
18
18
18
54
54
54
54
74
18
54
54
204
68
48
48
54
142
79
229
204
218
79
79
44
22
22
68
54
208
184
68
171
5
126
54
68
190
183
22
41
0
70
113
113
220
75
220
250
209
190
220
147
209
44
44
247
65
161
209
65
113
75
41
220
190
209
231
173
163
190
190
148
163
190
190
190
6
190
218
173
162
40
66
163
144
44
10
70
200
31
18
145
162
227
18
18
151
68
247
173
229
68
41
68
151
75
163
250
148
148
148
75
250
150
250
190
190
190
190
190
190
190
190
190
190
250
209
220
163
253
75
217
220
163
148
148
148
250
148
148
190
150
190
190
190
190
250
173
173
163
253
150
163
148
148
173
190
6
231
173
253
163
163
163
247
173
173
