29
21
1
50
44
21
9
19
21
29
44
51
51
9
9
43
19
19
6
43
43
19
9
9
43
21
43
43
21
59
59
59
59
19
19
19
51
51
51
19
19
51
9
9
19
19
19
19
19
9
57
44
57
21
19
44
6
14
9
51
51
19
59
43
9
9
9
9
51
51
39
39
39
39
39
9
19
19
19
19
9
19
19
19
19
19
19
19
19
9
59
19
51
51
51
51
19
51
59
51
51
19
59
59
39
39
54
22
51
9
19
51
39
9
19
19
9
51
19
9
9
19
19
9
43
9
28
51
51
51
51
51
43
19
9
19
21
9
19
19
9
9
9
9
43
19
19
19
19
19
51
9
19
19
19
9
9
9
9
19
19
9
19
19
9
9
9
9
9
9
9
9
19
19
19
19
19
19
19
9
19
9
51
51
19
19
19
19
19
19
9
51
51
51
19
19
19
19
19
51
19
19
19
19
19
9
9
19
51
19
19
9
9
9
9
39
28
28
59
59
39
22
22
22
22
22
22
22
22
22
22
22
22
22
22
39
9
9
9
9
43
19
19
9
9
9
19
43
51
51
19
9
19
51
51
19
19
39
9
39
9
59
39
9
39
39
39
39
39
39
39
39
39
39
39
39
39
57
19
19
9
9
9
9
19
43
19
51
9
9
9
9
9
9
9
19
43
41
43
51
51
9
57
9
59
51
9
28
51
51
51
51
51
9
22
39
9
57
34
59
57
9
9
9
19
9
39
39
19
19
19
19
19
9
9
19
19
19
19
9
39
51
51
51
51
51
51
19
51
51
51
51
9
57
9
51
51
51
51
57
21
43
51
51
51
51
51
19
51
51
51
51
19
28
51
51
51
19
51
9
9
51
51
19
19
19
9
9
19
9
9
9
9
9
51
22
9
9
9
9
51
9
9
9
19
51
19
39
9
9
51
59
39
59
19
9
9
19
19
59
44
19
59
19
59
9
9
9
9
28
9
9
9
19
19
43
19
9
39
39
19
19
19
57
19
19
59
19
19
19
9
9
9
9
9
19
9
19
9
51
9
9
9
9
21
37
41
44
29
29
29
29
18
6
28
51
43
21
43
43
50
6
6
18
19
19
19
59
59
19
9
9
9
19
19
9
19
19
19
19
59
39
19
19
42
42
31
54
22
39
22
51
19
9
59
54
39
51
54
54
12
39
39
28
19
