84
64
64
104
64
177
193
104
156
114
156
5
5
114
203
203
5
30
115
247
144
180
115
55
105
105
67
174
144
55
55
57
59
144
210
210
144
144
55
119
70
223
210
30
80
235
156
104
156
153
112
5
5
134
109
70
156
104
147
147
147
147
147
147
147
147
147
147
147
147
147
147
147
147
147
147
147
147
147
147
147
147
147
147
147
30
30
107
157
57
57
147
147
224
224
57
253
147
30
134
119
103
103
103
119
119
119
119
119
103
119
103
103
8
101
75
228
8
103
103
103
103
103
103
103
103
103
103
103
103
103
119
103
134
103
103
119
119
112
164
103
