86
75
188
191
228
191
228
228
119
119
119
78
228
228
228
119
228
119
119
119
119
119
119
119
119
119
119
119
78
78
119
119
78
78
8
78
78
119
119
119
119
119
119
119
78
228
119
228
8
119
8
228
119
119
103
78
164
109
119
119
119
119
119
119
119
119
119
119
119
103
119
119
103
103
119
119
103
103
8
103
119
119
119
8
103
103
103
119
119
103
228
228
86
170
170
170
170
109
109
69
119
8
78
78
78
78
119
119
119
119
78
119
240
112
112
112
57
240
170
224
224
78
103
103
5
119
103
112
112
112
112
228
203
25
25
94
86
112
240
134
109
