119
103
240
8
8
78
119
8
119
119
8
103
119
103
103
103
103
119
119
103
103
119
119
119
103
103
103
78
103
103
103
103
103
109
109
119
170
228
8
112
103
119
112
30
103
119
8
8
119
228
119
119
119
119
119
119
78
78
119
103
103
240
8
8
103
8
103
103
103
119
103
8
103
103
78
103
103
228
119
103
103
103
103
78
103
103
103
119
103
103
103
78
78
103
103
8
112
240
103
103
8
78
78
78
5
78
78
78
78
203
240
240
203
203
203
203
240
203
203
203
203
203
203
203
203
203
203
224
203
203
203
203
203
203
203
203
203
203
203
203
30
112
78
