228
228
8
78
78
78
103
78
228
8
119
103
103
103
103
103
103
78
30
78
112
103
103
103
119
103
103
103
103
103
103
103
103
103
103
78
119
119
119
240
103
103
119
119
78
119
103
119
103
119
119
119
119
119
119
103
103
119
103
224
112
240
70
180
180
112
55
55
202
119
119
119
112
119
119
119
78
78
103
78
103
103
78
78
78
103
112
203
112
57
112
30
112
112
112
78
78
78
78
78
146
146
203
203
203
203
78
146
146
203
78
103
78
203
224
8
78
78
112
240
203
146
224
78
30
240
180
180
180
180
224
224
224
224
224
224
112
224
86
203
224
112
