3
14
10
10
10
3
3
3
3
10
3
10
3
3
10
3
10
10
10
3
3
3
14
14
3
3
3
3
3
3
10
10
9
3
3
3
3
3
3
3
3
3
14
3
3
3
3
3
3
3
3
3
10
9
14
3
3
3
3
3
3
3
3
3
3
3
3
3
3
3
3
3
3
3
3
3
3
3
3
3
3
3
3
3
3
3
14
3
3
3
3
3
3
3
3
3
3
3
3
3
3
3
10
3
9
9
9
10
9
10
10
10
10
3
10
10
9
9
9
10
3
3
3
10
3
10
10
9
10
10
13
13
13
13
13
10
10
9
9
9
9
10
10
10
3
3
3
3
10
3
10
10
10
10
10
10
10
10
3
3
3
3
3
3
10
10
10
10
10
10
10
10
10
10
10
9
9
3
10
10
3
9
3
9
3
3
3
9
9
9
9
9
3
9
9
9
9
9
9
10
10
14
14
3
3
3
14
10
3
3
3
3
14
14
14
9
3
