21
21
21
21
21
40
40
21
21
21
21
40
40
40
21
21
21
21
21
21
21
21
21
21
21
21
21
21
21
21
21
21
21
21
21
21
21
21
21
21
40
32
40
21
40
40
40
21
21
21
39
32
32
40
40
40
32
21
21
39
32
32
32
40
40
32
40
40
21
21
21
40
40
32
32
32
32
32
32
32
32
32
32
32
40
32
32
32
32
32
32
40
40
32
32
32
32
32
40
40
21
40
21
32
32
32
21
21
40
40
40
21
40
21
21
32
32
32
32
40
32
32
40
32
32
32
32
32
32
40
40
32
32
32
32
32
40
21
32
32
40
40
32
32
32
32
32
32
32
32
40
32
32
32
32
32
40
32
32
32
32
40
21
32
32
32
40
40
21
40
32
32
32
40
40
23
9
39
40
32
40
21
21
21
21
21
21
21
21
21
21
40
21
21
21
21
21
21
40
40
21
21
40
40
21
21
21
40
40
40
39
40
32
21
40
32
32
39
40
32
32
21
21
21
21
40
