103
103
103
103
103
119
103
103
103
103
103
103
103
134
103
103
103
103
103
103
103
103
103
8
203
228
8
103
103
103
103
119
119
103
103
103
103
103
240
119
103
228
119
78
112
103
103
8
134
240
8
103
8
164
103
103
228
228
228
8
119
119
119
103
103
103
103
103
119
164
119
8
103
103
103
78
103
103
119
119
119
119
164
119
103
103
119
103
103
103
103
103
112
103
103
103
8
103
103
103
103
119
119
119
119
119
119
119
119
119
119
119
119
119
119
119
119
119
119
119
119
103
8
119
119
119
119
103
119
119
119
164
112
119
119
8
228
119
119
119
103
119
119
119
119
119
119
119
119
119
119
119
119
103
119
103
103
103
103
119
228
8
119
240
112
119
103
103
103
8
240
86
119
228
112
119
119
119
103
119
119
8
112
103
103
112
112
119
103
103
103
78
78
103
78
103
8
134
103
103
78
78
86
224
134
78
103
103
240
240
103
86
112
134
86
103
240
240
240
103
112
101
103
134
103
78
119
