97
102
97
180
180
102
102
180
4
172
172
8
8
97
21
21
21
8
8
180
4
8
8
8
8
8
4
8
113
8
150
150
113
8
8
180
102
225
8
8
8
8
4
113
4
180
180
4
97
4
4
97
180
180
180
97
180
180
4
180
180
180
180
97
180
225
225
4
180
172
97
183
4
113
113
113
113
113
4
4
97
97
97
183
21
113
97
97
180
233
113
233
183
183
113
233
233
183
97
113
183
233
172
172
102
172
172
172
4
4
225
172
225
97
97
97
97
180
180
97
97
97
97
180
4
4
225
172
172
172
97
102
225
102
97
4
97
97
172
172
102
102
172
4
102
4
172
4
172
225
180
97
102
172
225
4
97
172
225
97
97
102
