119
78
78
78
78
78
78
78
78
78
78
119
119
78
78
78
78
119
119
78
78
78
78
30
164
164
164
78
164
164
119
119
119
164
164
119
119
78
78
5
78
119
119
119
5
203
224
57
147
147
164
119
119
228
30
164
119
119
119
119
119
119
119
119
119
119
119
119
119
119
119
119
119
119
119
119
119
119
119
119
119
119
119
119
119
119
119
119
119
119
119
119
119
119
119
119
119
119
119
119
119
119
78
119
119
119
119
164
228
164
228
119
228
30
119
78
78
78
78
78
5
78
112
224
112
228
112
164
119
119
78
78
78
78
78
228
78
119
119
78
78
