119
119
119
119
119
119
119
119
119
119
119
119
119
119
119
119
119
119
119
119
119
119
119
119
119
119
119
119
119
119
119
119
119
119
119
119
119
119
119
119
119
119
119
119
119
119
119
119
119
119
119
164
119
103
119
119
119
119
119
119
103
103
103
103
103
103
103
103
103
134
134
119
103
119
103
103
8
240
86
103
103
103
112
103
103
103
8
240
103
78
119
78
103
103
103
103
134
8
86
240
203
119
119
119
119
119
119
119
119
119
119
119
119
119
119
119
119
119
103
119
119
78
119
78
78
112
119
119
119
119
119
119
240
119
119
119
119
164
119
8
228
86
