105
105
105
105
105
105
48
105
105
105
105
55
55
228
75
164
228
164
164
164
228
30
30
164
164
164
164
164
164
228
164
228
30
112
240
69
134
134
86
203
203
78
30
78
134
78
78
78
134
134
8
240
203
78
112
112
109
130
30
57
57
30
203
203
224
78
78
203
78
78
78
78
78
78
78
78
78
78
203
78
78
78
203
203
203
203
203
203
224
203
203
203
112
112
78
30
203
112
203
203
203
203
203
203
203
78
203
203
30
203
203
240
203
30
203
203
203
203
203
203
203
203
203
112
112
203
112
224
203
240
78
240
69
69
69
69
203
203
203
203
240
